0 11 0.99899 0.00350994 -0.0448003 -0.00357413 0.999993 -0.00135281 0.0447952 0.00151156 0.998995 -0.0315058 -0.0091935 0.999461
11 12 0.999998 -0.00047542 -0.00215147 0.000474852 1 -0.000264537 0.00215159 0.000263515 0.999998 -0.00882637 -0.00569032 0.999945
12 15 0.999975 -0.00473587 -0.00526653 0.00473598 0.999989 8.56614e-06 0.00526644 -3.35081e-05 0.999986 -0.00445166 -0.0071814 0.999964
15 20 0.99995 0.00666901 -0.00744679 -0.00670353 0.999967 -0.00462006 0.00741573 0.00466975 0.999962 -0.0105109 -0.0112331 0.999882
20 23 0.999992 -0.000309275 -0.00392595 0.000312733 1 0.000880316 0.00392568 -0.000881537 0.999992 -0.00783033 -0.00806896 0.999937
23 27 1 0.000604721 -0.000610606 -0.00059964 0.999965 0.00828861 0.000615597 -0.00828824 0.999965 -0.00570996 -0.00857109 0.999947
27 32 0.999978 -0.000668137 0.00655261 0.000714415 0.999975 -0.00706271 -0.00654772 0.00706724 0.999954 0.00207086 -0.00781802 0.999967
32 37 0.999829 -0.0182817 -0.00283511 0.0182954 0.999821 0.00489607 0.00274509 -0.00494711 0.999984 0.00299373 -0.00498662 0.999983
37 46 0.999917 0.00933139 -0.0088387 -0.00924975 0.999915 0.00923216 0.0089241 -0.00914964 0.999918 -0.00647209 -0.0115439 0.999912
46 50 0.999997 -0.000202805 -0.0022928 0.00019657 0.999996 -0.00271907 0.00229335 0.00271861 0.999994 -0.0013482 -0.0134924 0.999908
50 59 0.999978 -0.00567473 -0.00339703 0.00566275 0.999978 -0.00352661 0.00341697 0.00350729 0.999988 -0.00420096 -0.0155325 0.999871
59 65 0.999982 -0.00126983 -0.00591959 0.00127819 0.999998 0.00140877 0.00591779 -0.00141631 0.999981 -0.00425027 -0.0114677 0.999925
65 77 0.999676 0.0212294 -0.0140719 -0.0210544 0.999701 0.0124642 0.0143323 -0.0121639 0.999823 -0.0152223 -0.0175649 0.99973
77 93 0.998934 -0.00143874 0.0461489 0.00197785 0.99993 -0.0116383 -0.0461289 0.0117172 0.998867 0.000525759 -0.0330494 0.999454
93 99 0.986272 -0.0014322 0.165125 0.000286698 0.999976 0.00696081 -0.165131 -0.00681791 0.986248 0.126224 -0.0116384 0.991934
99 106 0.92877 0.00344968 0.37064 -0.00119931 0.999979 -0.00630187 -0.370655 0.00540847 0.928755 0.266627 -0.0223709 0.96354
106 111 0.948029 -0.0038199 0.318161 0.00265181 0.999988 0.00410441 -0.318172 -0.0030474 0.948028 0.30078 -0.0141721 0.953588
111 117 0.945214 -0.00537024 0.326406 0.0068895 0.99997 -0.00349862 -0.326378 0.00555572 0.945223 0.294128 -0.0189765 0.955578
117 125 0.969286 -0.0099875 0.245734 0.014617 0.999748 -0.0170226 -0.245502 0.0200917 0.969188 0.2127 -0.0117712 0.977047
125 131 0.995681 -0.00253327 0.0928025 0.00223992 0.999992 0.00326503 -0.09281 -0.00304306 0.995679 0.0765463 -0.00538351 0.997051
131 136 0.999343 -0.007822 0.0353889 0.00795163 0.999962 -0.00352381 -0.03536 0.0038029 0.999367 0.0330056 -0.00637216 0.999435
136 144 0.999787 -0.0196259 0.0063889 0.0196172 0.999807 0.00143093 -0.00641575 -0.0013053 0.999979 0.0119487 -0.00464722 0.999918
144 156 0.999404 0.0187679 -0.0289896 -0.0188245 0.999821 -0.00168104 0.0289529 0.00222575 0.999578 -0.0316773 -0.00620713 0.999479
156 163 0.999762 0.0183685 0.0117716 -0.0184141 0.999823 0.00377524 -0.0117002 -0.0039911 0.999924 -0.00555554 -0.0142766 0.999883
163 169 0.998558 0.00372952 0.0535463 -0.00387735 0.999989 0.00265722 -0.0535358 -0.00286101 0.998562 0.0240454 -0.0139157 0.999614
169 176 0.997313 -0.00233527 0.0732199 0.00260113 0.99999 -0.00353588 -0.0732109 0.00371684 0.99731 0.0452582 -0.0136869 0.998882
176 188 0.999667 -0.011125 0.0232916 0.0110433 0.999932 0.00363385 -0.0233305 -0.00337542 0.999722 0.0286978 -0.0137981 0.999493
188 200 0.929102 0.0203404 -0.369264 -0.0166867 0.999775 0.0130859 0.369447 -0.0059964 0.929233 -0.190126 -0.0221556 0.98151
200 202 0.992906 -0.00337426 -0.118857 0.00318522 0.999993 -0.00178043 0.118862 0.00138922 0.99291 -0.152349 -0.0138788 0.988229
202 205 0.979815 -0.00492632 -0.199846 0.00229221 0.999907 -0.0134099 0.199894 0.0126812 0.979736 -0.213152 -0.0217258 0.976778
205 208 0.978775 -0.00225616 -0.204924 0.00167809 0.999994 -0.00299467 0.20493 0.00258723 0.978773 -0.225641 -0.00754799 0.974181
208 212 0.96578 0.00224076 -0.259351 0.00421453 0.999695 0.0243314 0.259327 -0.0245918 0.965476 -0.24874 -0.0010178 0.96857
212 216 0.982498 0.0170273 -0.185493 -0.0156182 0.999837 0.00905565 0.185617 -0.0060001 0.982604 -0.201061 -0.0106599 0.979521
216 224 0.994519 0.0151267 -0.103459 -0.0161463 0.999829 -0.00902467 0.103305 0.0106457 0.994593 -0.103702 -0.0111751 0.994546
224 233 0.99933 -0.00838477 0.0356342 0.00816525 0.999947 0.00630145 -0.0356851 -0.00600626 0.999345 0.0290607 -0.00828741 0.999543
233 240 0.999939 -0.00478504 -0.00994281 0.00475638 0.999984 -0.00290452 0.00995655 0.00285705 0.999946 -0.00421546 -0.0173069 0.999841
240 248 0.999742 -0.00259153 -0.0225857 0.0024751 0.999984 -0.00518134 0.0225987 0.0051241 0.999731 -0.014269 -0.0165263 0.999762
248 254 0.999774 0.0209655 0.00343501 -0.0209551 0.999776 -0.00306097 -0.00349841 0.00298829 0.999989 -0.00565152 -0.0111745 0.999922
254 262 0.999904 -0.00542977 0.0127227 0.00532979 0.999955 0.00787885 -0.0127649 -0.00781028 0.999888 0.00949695 -0.0119718 0.999883
262 269 0.99992 -0.012428 -0.00252503 0.0124757 0.999725 0.0198319 0.00227787 -0.0198618 0.9998 0.0045549 -0.0217233 0.999754
269 280 0.999578 0.0149654 -0.0249014 -0.0156104 0.999542 -0.0259106 0.0245023 0.0262884 0.999354 -0.0213791 -0.0370534 0.999085
280 286 0.999497 -0.0146064 -0.0281638 0.0147586 0.999878 0.00520341 0.0280843 -0.00561645 0.99959 -0.0145927 -0.0173331 0.999743
286 294 0.99871 0.013685 -0.0489062 -0.0139968 0.999884 -0.00603992 0.0488178 0.00671666 0.998785 -0.033979 -0.0129606 0.999339
294 301 0.99836 0.00770933 -0.056729 -0.00705921 0.999907 0.0116516 0.0568135 -0.011232 0.998322 -0.0426306 -0.0140203 0.998993
301 310 0.999402 -0.00142301 -0.0345384 0.00120186 0.999979 -0.00642283 0.0345468 0.00637748 0.999383 -0.0261311 -0.0208772 0.99944
310 315 0.999265 -0.0146126 -0.0354326 0.0149395 0.999848 0.00897826 0.035296 -0.00950101 0.999332 -0.0208109 -0.00550931 0.999768
315 321 0.999208 -0.012915 -0.0376352 0.0128666 0.999916 -0.00152735 0.0376517 0.00104191 0.99929 -0.0268854 -0.0186905 0.999464
321 328 0.999798 0.010143 -0.0173426 -0.010237 0.999933 -0.00533963 0.0172872 0.00551609 0.999835 -0.0219578 -0.0177216 0.999602
328 335 0.999855 -0.0140458 -0.00965258 0.0139985 0.99989 -0.00495037 0.00972105 0.00481453 0.999941 -0.00694444 -0.0175049 0.999823
335 341 0.999908 0.0130217 -0.0039212 -0.0130219 0.999915 -1.45001e-05 0.00392068 6.55601e-05 0.999992 -0.00746245 -0.0186873 0.999798
341 344 0.99999 0.00436948 -0.00109776 -0.00437075 0.99999 -0.00115052 0.00109272 0.00115531 0.999999 -0.0074731 -0.0156628 0.999849
344 348 0.999982 0.000227725 -0.00591251 -0.000147233 0.999907 0.0136106 0.00591506 -0.0136095 0.99989 -0.00763772 -0.0115273 0.999904
348 354 0.999929 -0.0113064 0.0037859 0.0113919 0.999662 -0.0233825 -0.00352025 0.023424 0.999719 0.00207076 -0.0287438 0.999585
354 367 0.997014 -0.00284413 0.0771674 0.00213103 0.999954 0.00932174 -0.0771904 -0.00912946 0.996975 0.0453439 -0.00872499 0.998933
367 377 0.999716 0.0191858 -0.0141501 -0.0191966 0.999816 -0.000628462 0.0141355 0.000899917 0.9999 -0.0130613 -0.0108968 0.999855
377 380 0.999845 -0.0130291 -0.0118364 0.0132823 0.999679 0.0215792 0.0115515 -0.0217331 0.999697 -0.00473684 -0.00485001 0.999977
380 386 0.999644 -0.0235671 -0.0124817 0.0234682 0.999692 -0.00801464 0.0126668 0.00771886 0.99989 -0.00622707 -0.0202495 0.999776
386 391 0.999824 -0.0182522 -0.00433775 0.0182457 0.999832 -0.00153875 0.00436511 0.00145933 0.999989 -0.00117331 -0.0173762 0.999848
391 395 0.999978 -0.00649987 -0.0011412 0.00648075 0.999851 -0.0160267 0.0012452 0.016019 0.999871 -0.00366856 -0.0192492 0.999808
395 401 0.999999 0.00098113 -0.000839949 -0.00096558 0.999832 0.0183174 0.00085778 -0.0183166 0.999832 -0.00372005 -0.00998029 0.999943
401 416 0.925257 0.00459688 -0.379313 -0.0105407 0.999852 -0.0135948 0.379194 0.0165769 0.925169 -0.153312 -0.0191531 0.987992
416 421 0.959076 0.0506279 -0.278587 -0.0470327 0.998701 0.0195783 0.279216 -0.00567444 0.960212 -0.272588 0.00155755 0.962129
421 424 0.985496 0.0197014 -0.168553 -0.0149141 0.99945 0.0296214 0.169044 -0.026678 0.985247 -0.224877 -0.00339127 0.974381
424 426 0.993713 0.00451623 -0.111866 -0.00394941 0.999978 0.00528797 0.111888 -0.00481292 0.993709 -0.191671 -0.0244445 0.981155
426 428 0.993326 -0.00919854 -0.114974 0.00864409 0.999948 -0.00532003 0.115017 0.00429067 0.993354 -0.168981 -0.0188321 0.985439
428 430 0.99326 -0.00736972 -0.115671 0.00610661 0.999918 -0.0112704 0.115744 0.0104881 0.993224 -0.166916 -0.00368385 0.985964
430 433 0.988431 0.00468044 -0.1516 -0.00493151 0.999987 -0.0012802 0.151592 0.002013 0.988441 -0.186435 -0.00747075 0.982439
433 435 0.996444 6.61994e-05 -0.0842603 -0.000258257 0.999997 -0.00226844 0.08426 0.00228213 0.996441 -0.123815 -0.00736687 0.992278
435 438 0.99597 0.00293195 -0.0896446 -0.00354531 0.999971 -0.00668368 0.0896224 0.00697456 0.995951 -0.10391 -0.00629222 0.994567
438 440 0.999156 0.00478678 -0.0407895 -0.00492278 0.999983 -0.00323441 0.0407733 0.00343248 0.999163 -0.0650517 -0.00298576 0.997877
440 441 0.999892 0.00333444 -0.0143104 -0.0033453 0.999994 -0.000735401 0.0143079 0.000783194 0.999897 -0.0452192 -0.00670208 0.998955
441 446 0.999732 0.00241015 -0.0230323 -0.00247725 0.999993 -0.0028852 0.0230252 0.00294148 0.999731 -0.0288567 -0.00903291 0.999543
446 450 0.999985 -0.00481897 0.00246154 0.00482858 0.999981 -0.00391219 -0.00244264 0.00392402 0.999989 0.000796291 -0.00668873 0.999977
450 455 0.999967 -0.00453021 0.00667389 0.00453723 0.999989 -0.00103768 -0.00666911 0.00106793 0.999977 0.00236743 -0.00283392 0.999993
455 460 0.999948 -0.00829017 0.00600047 0.00821929 0.999897 0.0117425 -0.0060972 -0.0116926 0.999913 0.0020529 -0.00407112 0.99999
460 467 0.99988 -0.00906468 -0.0125843 0.00915427 0.999933 0.00708042 0.0125193 -0.00719476 0.999896 -0.00645978 -0.0131577 0.999893
467 472 0.999931 0.000698522 -0.0117006 -0.000787153 0.999971 -0.00757201 0.011695 0.0075807 0.999903 -0.0146991 -0.0136873 0.999798
472 476 0.999924 0.0122688 -0.0012778 -0.0122792 0.999889 -0.00840196 0.00117458 0.00841701 0.999964 -0.0147017 -0.0166183 0.999754
476 482 0.999841 -0.0140217 0.0109855 0.0139867 0.999897 0.00325395 -0.01103 -0.00309978 0.999934 0.00595504 -0.00965308 0.999936
482 490 0.999995 0.00126335 -0.00273442 -0.00125188 0.99999 0.00419443 0.00273969 -0.00419098 0.999987 -0.00320426 -0.0140024 0.999897
490 497 0.999426 0.0154174 -0.0301605 -0.0153826 0.999881 0.00138477 0.0301782 -0.000920027 0.999544 -0.0296683 -0.0168566 0.999418
497 504 0.999667 0.0249571 -0.00660227 -0.0249602 0.999688 -0.000387103 0.00659055 0.000551768 0.999978 -0.0243426 -0.0143481 0.999601
504 511 0.999853 0.00464842 0.0165276 -0.00464051 0.999989 -0.000516561 -0.0165298 0.000439789 0.999863 -0.00118227 -0.015376 0.999881
511 531 0.995476 -0.0145592 0.0938869 0.0140817 0.999884 0.00574705 -0.0939597 -0.00439896 0.995566 0.0466725 -0.0146676 0.998803
531 578 0.930797 -0.0240811 0.364742 0.0276374 0.999608 -0.00453236 -0.36449 0.0142992 0.931098 0.181064 -0.0280498 0.983071
578 583 0.963688 -0.00357194 0.267008 0.00132232 0.999962 0.00860461 -0.267029 -0.00793909 0.963656 0.258788 -0.0164051 0.965795
583 590 0.902169 -0.00932542 0.431282 0.0140481 0.999871 -0.00776637 -0.431154 0.0130653 0.902184 0.349617 -0.010789 0.93683
590 598 0.938879 -0.00798696 0.344154 0.00975527 0.999947 -0.00340689 -0.344108 0.00655598 0.938907 0.271078 -0.00863082 0.962519
598 604 0.997186 -0.00657032 0.0746793 0.00672508 0.999976 -0.00182105 -0.0746655 0.00231815 0.997206 0.06245 -0.00447221 0.998038
604 615 0.99999 0.00249715 0.00381915 -0.00246654 0.999965 -0.00800024 -0.00383899 0.00799073 0.999961 0.00623746 -0.00568199 0.999964
615 620 0.999955 -0.00948265 -0.000813835 0.0094916 0.999885 0.0117993 0.000701853 -0.0118065 0.99993 -0.00295932 0.00577304 0.999979
620 627 0.99999 0.00173205 -0.00404803 -0.00170341 0.999974 0.00706706 0.00406016 -0.0070601 0.999967 -0.00637214 -0.0146821 0.999872
627 633 0.99996 -0.00833231 -0.00317648 0.00830633 0.999933 -0.00810465 0.0032438 0.00807794 0.999962 -0.00532957 -0.0126263 0.999906
633 638 0.999956 -0.00250233 -0.00899874 0.00241634 0.999951 -0.00955332 0.00902221 0.00953116 0.999914 -0.00626824 -0.0130444 0.999895
638 646 0.999934 0.00907879 -0.00710739 -0.00901846 0.999923 0.00847402 0.00718378 -0.00840936 0.999939 -0.00779293 -0.00419573 0.999961
646 651 0.999994 0.00320411 0.00108456 -0.00320529 0.999994 0.00109399 -0.00108105 -0.00109746 0.999999 -0.00631791 -0.0169896 0.999836
651 655 0.999959 0.00886019 0.00172778 -0.00887612 0.999916 0.00944347 -0.00164396 -0.00945842 0.999954 -0.00521992 -0.0110675 0.999925
655 662 0.999877 0.0155985 0.00151758 -0.0155813 0.999821 -0.0107494 -0.00168498 0.0107244 0.999941 -0.00583017 -0.0227162 0.999725
662 667 0.999999 0.000339298 0.00156392 -0.00034258 0.999998 0.00209907 -0.00156321 -0.0020996 0.999997 -0.00275913 -0.00975045 0.999949
667 671 0.999997 -0.00123163 0.002271 0.00123314 0.999999 -0.000663635 -0.00227018 0.000666433 0.999997 -0.001492 -0.00858527 0.999962
671 679 0.999994 -0.00341459 0.000707128 0.00340951 0.999969 0.00706903 -0.000731244 -0.00706658 0.999975 -0.00336814 -0.0112029 0.999932
679 684 0.999937 -0.0110929 -0.00147289 0.0110899 0.999936 -0.00205417 0.00149559 0.0020377 0.999997 -0.00415029 -0.0144134 0.999888
684 692 0.999803 -0.0193311 -0.0044659 0.0193432 0.999809 0.00267957 0.00441325 -0.00276543 0.999986 -0.00581088 -0.0141196 0.999883
692 697 0.999961 -0.00732128 -0.00491133 0.00732003 0.999973 -0.000272161 0.00491319 0.0002362 0.999988 -0.00590154 -0.01544 0.999863
697 708 0.999982 0.00433819 0.00422941 -0.004339 0.999991 0.000181079 -0.00422858 -0.000199427 0.999991 -0.00486654 -0.0176504 0.999832
708 726 0.998627 0.00425792 -0.0522093 -0.00461148 0.999967 -0.00665338 0.0521792 0.00688501 0.998614 -0.0057133 -0.0193196 0.999797
726 739 0.847511 0.0373113 -0.529465 -0.0166477 0.998904 0.0437448 0.530517 -0.0282599 0.847203 -0.321104 0.00342684 0.947038
739 743 0.969124 -0.0134311 -0.246208 0.0168901 0.999786 0.0119426 0.245995 -0.0157323 0.969143 -0.212119 -0.0106348 0.977186
743 747 0.963962 -0.00724002 -0.265942 0.00489532 0.999943 -0.0094784 0.265996 0.00783494 0.963942 -0.245241 -0.00634504 0.969441
747 750 0.979617 -0.011656 -0.200538 0.0117081 0.999931 -0.000926538 0.200535 -0.00144026 0.979685 -0.199161 0.00630754 0.979946
750 752 0.993275 0.0223687 -0.113598 -0.0205987 0.999648 0.0167316 0.113932 -0.0142791 0.993386 -0.17789 0.00361593 0.984044
752 755 0.992961 0.0240406 -0.115975 -0.0227162 0.999661 0.0127276 0.116242 -0.0100035 0.993171 -0.145487 0.00224566 0.989358
755 759 0.998517 0.0134606 -0.0527538 -0.0138842 0.999874 -0.00767105 0.0526439 0.00839211 0.998578 -0.0661037 -0.00923576 0.99777
759 765 0.999989 -0.00442378 0.00140522 0.00443331 0.999967 -0.0068533 -0.00137485 0.00685945 0.999976 -0.000910195 -0.0118755 0.999929
765 769 0.9998 0.0139123 0.0143587 -0.0138733 0.9999 -0.00281469 -0.0143964 0.00261492 0.999893 -0.0017223 -0.00672542 0.999976
769 777 0.99959 0.000970041 0.0286168 -0.00138995 0.999892 0.0146574 -0.0285995 -0.0146911 0.999483 0.0142484 0.00235011 0.999896
777 782 0.999936 0.000208765 0.0113315 -0.000182823 0.999997 -0.00229036 -0.0113319 0.00228814 0.999933 0.00246749 -0.00596208 0.999979
782 786 0.999995 -0.00246724 -0.00188976 0.00247179 0.999994 0.00240926 0.0018838 -0.00241392 0.999995 -0.00411904 -0.0102243 0.999939
786 789 0.99998 0.00522802 -0.00359597 -0.00522091 0.999984 0.00198413 0.00360629 -0.00196532 0.999992 -0.00933016 -0.0133423 0.999867
789 796 0.999825 0.0044 -0.018162 -0.00429587 0.999974 0.00576858 0.0181869 -0.00568955 0.999818 -0.0147062 -0.0138607 0.999796
796 803 0.999933 0.00496295 -0.010443 -0.00500817 0.999978 -0.00430845 0.0104214 0.00436047 0.999936 -0.0194654 -0.0177964 0.999652
803 807 0.999901 0.00607932 0.012694 -0.00604398 0.999978 -0.00282052 -0.0127108 0.00274352 0.999915 -0.0050713 -0.0153443 0.999869
807 815 0.999158 -0.000383643 0.0410217 0.000438725 0.999999 -0.00133376 -0.0410212 0.00135064 0.999157 0.0148221 -0.0127934 0.999808
815 821 0.999664 -0.00543326 0.0253464 0.00525061 0.99996 0.00726738 -0.0253849 -0.00713186 0.999652 0.0115335 -0.00765305 0.999904
821 835 0.998893 -0.0259101 -0.0392626 0.0256396 0.999644 -0.00737835 0.0394398 0.0063635 0.999202 -0.00745828 -0.0214336 0.999742
835 846 0.997841 0.00461728 -0.0655083 -0.00561307 0.999871 -0.0150252 0.0654305 0.0153605 0.997739 -0.0516858 -0.0190798 0.998481
846 854 0.99987 0.0123124 -0.0104567 -0.012239 0.9999 0.00705932 0.0105426 -0.00693042 0.99992 -0.0212996 -0.00972117 0.999726
854 859 0.999836 0.0118861 0.0136621 -0.0118989 0.999929 0.000862474 -0.0136509 -0.0010249 0.999906 -0.00732582 0.00370019 0.999966
859 868 0.99917 0.0126732 0.038705 -0.0129819 0.999886 0.00773386 -0.0386026 -0.0082299 0.999221 0.00720489 0.00426672 0.999965
868 876 0.998406 -0.018175 0.0534299 0.0181599 0.999835 0.000768233 -0.053435 0.000203272 0.998571 0.0315322 -0.0194047 0.999314
876 883 0.999986 -0.00501344 0.00180327 0.00500696 0.999981 0.00357903 -0.00182117 -0.00356995 0.999992 0.000240512 -0.0140176 0.999902
883 888 0.999719 -0.0161838 -0.0173086 0.0159937 0.999811 -0.0110607 0.0174844 0.0107808 0.999789 -0.0103705 -0.0211159 0.999723
888 894 0.999847 0.0104368 -0.0140431 -0.0104803 0.99994 -0.00303292 0.0140106 0.00317964 0.999897 -0.0162906 -0.00899265 0.999827
894 899 0.999874 -0.00631985 -0.0145439 0.00655985 0.999842 0.0165132 0.0144372 -0.0166066 0.999758 -0.00949706 -0.00276471 0.999951
899 903 0.999953 0.0017407 -0.00948548 -0.00180782 0.999973 -0.00707229 0.00947292 0.00708911 0.99993 -0.0111827 -0.0197084 0.999743
903 909 0.999993 0.00313599 -0.00216825 -0.00312021 0.999969 0.00723913 0.00219088 -0.00723231 0.999971 -0.0079168 -0.00690869 0.999945
909 915 0.99997 -0.00256684 0.00732831 0.00254893 0.999994 0.00245249 -0.00733456 -0.00243374 0.99997 0.00134314 -0.0178392 0.99984
915 922 0.999978 -0.000404556 0.00663344 0.0003774 0.999992 0.00409461 -0.00663504 -0.00409201 0.99997 0.000179573 -0.0116075 0.999933
922 931 0.99986 -0.0133231 -0.0101677 0.0131349 0.999745 -0.018352 0.0104096 0.0182159 0.99978 -0.00152251 -0.0258602 0.999664
931 944 0.967729 0.000872193 -0.25199 0.000749735 0.99998 0.00634038 0.251991 -0.0063247 0.967709 -0.108009 -0.00896616 0.994109
944 951 0.918331 0.00924758 -0.395706 -0.00491745 0.999916 0.0119557 0.395784 -0.00903346 0.918299 -0.288174 -0.0117611 0.957506
951 955 0.962699 0.00999147 -0.270388 -0.00847709 0.999941 0.00676803 0.27044 -0.00422348 0.962728 -0.253126 -0.00404737 0.967425
955 960 0.946594 0.00182127 -0.322422 0.00187668 0.999936 0.0111581 0.322422 -0.0111672 0.94653 -0.266347 0.000635695 0.963877
960 966 0.979028 0.0169789 -0.203017 -0.0165392 0.999856 0.00386207 0.203053 -0.00042334 0.979168 -0.182532 -0.00350968 0.983194
966 972 0.996384 -0.00593365 -0.0847527 0.00411448 0.999758 -0.021623 0.0848605 0.0211962 0.996167 -0.0645208 -0.0218751 0.997677
972 978 0.999476 0.00621805 -0.0317788 -0.006189 0.99998 0.00101218 0.0317845 -0.000814968 0.999494 -0.0285339 -0.00385514 0.999585
978 982 0.999787 0.00830082 -0.0188966 -0.0082199 0.999957 0.00435612 0.0189319 -0.00419987 0.999812 -0.0226932 -0.00106855 0.999742
982 987 0.999975 0.00711593 0.000405668 -0.00711336 0.999957 -0.00601188 -0.000448431 0.00600884 0.999982 -0.00634701 -0.0100261 0.99993
987 989 0.999979 0.00400747 0.00499407 -0.00401568 0.999991 0.00163511 -0.00498747 -0.00165514 0.999986 -0.00767735 -0.00981298 0.999922
989 993 0.999942 0.003511 0.0102143 -0.0036214 0.999935 0.0108092 -0.0101757 -0.0108456 0.999889 0.00129418 -0.00577752 0.999982
993 1001 0.999865 0.000334437 0.0164125 -0.00039388 0.999993 0.00361872 -0.0164112 -0.0036247 0.999859 0.00365227 -0.00805511 0.999961
1001 1006 0.999817 0.0160433 0.0104591 -0.0160281 0.99987 -0.00153175 -0.0104824 0.00136383 0.999944 -0.00426368 -0.0150763 0.999877
1006 1011 0.999903 -0.0090217 0.0106072 0.00904156 0.999957 -0.00182591 -0.0105902 0.00192163 0.999942 0.00219215 -0.00871372 0.99996
1011 1018 0.999988 0.00392165 -0.00307459 -0.00393093 0.999988 -0.00301932 0.00306271 0.00303137 0.999991 -0.00873247 -0.00686383 0.999938
1018 1021 0.999999 -0.00131635 0.00061177 0.00131446 0.999994 0.00307063 -0.000615809 -0.00306982 0.999995 -0.010728 -0.00948489 0.999897
1021 1028 0.999863 -0.00377653 0.0161067 0.0038233 0.999989 -0.00287454 -0.0160956 0.00293573 0.999866 0.00303858 -0.0125844 0.999916
1028 1031 0.999995 -0.00287479 0.00085946 0.00287337 0.999995 0.00165288 -0.000864207 -0.0016504 0.999998 -0.00865645 -0.0087872 0.999924
1031 1038 0.999709 -0.00718607 -0.0230137 0.00711979 0.99997 -0.00296085 0.0230342 0.00279613 0.999731 -0.0203345 -0.0125193 0.999715
1038 1040 0.999999 0.00144716 -0.000324539 -0.00144408 0.999956 0.00929925 0.000337983 -0.00929877 0.999957 -0.00947402 -0.00812582 0.999922
1040 1043 0.99994 -0.0105787 -0.00279349 0.0105253 0.999774 -0.018464 0.00298819 0.0184335 0.999826 -0.000918325 -0.0130918 0.999914
1043 1047 0.999993 0.00221372 0.00317132 -0.0022666 0.999857 0.0167695 -0.00313374 -0.0167766 0.999854 -0.00509958 -0.000243831 0.999987
1047 1051 0.999912 -0.00741526 0.0110242 0.00740012 0.999972 0.0014133 -0.0110344 -0.00133159 0.999938 0.00683389 -0.0128384 0.999894
1051 1056 0.999997 -0.0022763 3.95994e-05 0.00227636 0.999996 -0.00154483 -3.60828e-05 0.00154491 0.999999 0.00148435 -0.010194 0.999947
1056 1061 0.999921 0.00412046 -0.0118444 -0.00415121 0.999988 -0.00257243 0.0118336 0.00262139 0.999927 -0.0124989 -0.00951389 0.999877
1061 1066 0.999914 0.00961984 -0.00895566 -0.00958805 0.999948 0.00358656 0.00898969 -0.00350038 0.999953 -0.0142817 -0.00812838 0.999865
1066 1072 0.999894 -0.0103503 -0.0102576 0.0102824 0.999925 -0.00665676 0.0103257 0.00655058 0.999925 -0.00880953 -0.0256407 0.999632
1072 1079 0.999912 -0.00895112 0.00981516 0.00904293 0.999915 -0.00935024 -0.00973063 0.00943817 0.999908 0.00360477 -0.0149657 0.999882
1079 1084 0.99997 0.00227578 0.00740932 -0.00231609 0.999983 0.00543629 -0.00739682 -0.00545329 0.999958 0.00428134 -0.00960267 0.999945
1084 1088 0.999939 -0.0104473 0.00357343 0.0104132 0.999901 0.0094306 -0.0036716 -0.00939282 0.999949 0.00548838 -0.0123511 0.999909
1088 1094 0.99998 0.00595449 0.0023042 -0.00592548 0.999906 -0.0123994 -0.00237782 0.0123855 0.99992 -0.00524545 -0.0203235 0.99978
1094 1101 0.999642 0.00565751 0.0261646 -0.00591764 0.999934 0.00987535 -0.026107 -0.0100266 0.999609 0.00962039 -0.0110873 0.999892
1101 1107 0.999906 -0.00634876 0.0121737 0.00634878 0.99998 3.68948e-05 -0.0121737 4.03969e-05 0.999926 0.0123822 -0.0168128 0.999782
1107 1123 0.932927 -0.00522615 -0.360027 0.00263998 0.999967 -0.00767462 0.360055 0.00620939 0.93291 -0.136779 -0.0101685 0.990549
1123 1126 0.988834 0.00326542 -0.148982 -0.00371896 0.999989 -0.00276578 0.148972 0.00328895 0.988836 -0.180548 -0.00650733 0.983545
1126 1130 0.975707 -0.00237008 -0.219066 0.0052742 0.999906 0.012673 0.219015 -0.0135205 0.975628 -0.183032 -0.00683501 0.983083
1130 1131 0.998264 -0.00223105 -0.0588572 0.00223891 0.999997 6.75405e-05 0.0588569 -0.000199199 0.998266 -0.109923 -0.00744165 0.993912
1131 1132 0.998204 0.00133194 -0.0598982 -0.00142766 0.999998 -0.00155534 0.059896 0.00163806 0.998203 -0.125278 -0.00818035 0.992088
1132 1133 0.998168 0.00196426 -0.0604777 -0.00202544 0.999997 -0.000950323 0.0604756 0.00107108 0.998169 -0.128742 -0.00923647 0.991635
1133 1135 0.993017 6.27968e-05 -0.117972 -0.000839134 0.999978 -0.00653105 0.117969 0.00658444 0.992995 -0.150125 -0.00403908 0.988659
1135 1139 0.975224 0.00489297 -0.221165 -0.00443834 0.999987 0.00255253 0.221175 -0.00150769 0.975233 -0.19672 -0.00365547 0.980453
1139 1146 0.967948 0.0194103 -0.250399 -0.0216851 0.999745 -0.00632894 0.250213 0.011556 0.968122 -0.215647 5.8737e-05 0.976471
1146 1157 0.99821 -0.0177593 -0.0571059 0.0183024 0.999792 0.00900111 0.0569342 -0.0100302 0.998328 -0.0490874 -0.00237534 0.998792
1157 1164 0.9999 -0.0052277 -0.0131278 0.00513255 0.99996 -0.00727124 0.0131653 0.00720314 0.999887 -0.0140067 -0.0115438 0.999835
1164 1172 0.999571 -0.014242 -0.0255897 0.01453 0.999833 0.0111027 0.0254273 -0.0114698 0.999611 -0.0118785 -5.62388e-05 0.999929
1172 1180 0.99918 0.0101562 -0.0391936 -0.0101582 0.999948 0.000147371 0.0391931 0.000250888 0.999232 -0.0304993 -0.0080286 0.999503
1180 1189 0.999519 0.0305895 0.00511574 -0.0305463 0.999499 -0.00831773 -0.00536761 0.00815746 0.999952 -0.0139527 -0.0138394 0.999807
1189 1194 0.9999 0.00728759 0.0121557 -0.00733464 0.999966 0.0038308 -0.0121274 -0.00391957 0.999919 -0.00214418 -0.00924869 0.999955
1194 1203 0.998688 -0.00862855 0.050479 0.00907583 0.999922 -0.0086383 -0.0504005 0.00908511 0.998688 0.0282491 -0.0190874 0.999419
1203 1209 0.999636 -0.00311849 0.0267881 0.00295813 0.999977 0.00602365 -0.0268063 -0.00594222 0.999623 0.0167336 -0.0119463 0.999789
1209 1218 0.99739 -0.027136 -0.0669115 0.0270365 0.999632 -0.00239122 0.0669517 0.000575926 0.997756 -0.0231079 -0.00731251 0.999706
1218 1222 0.994617 -0.00500289 -0.103503 0.00473784 0.999985 -0.00280653 0.103515 0.00230105 0.994625 -0.0805874 -0.0165683 0.99661
1222 1226 0.987967 0.00957106 -0.154368 -0.0071249 0.99984 0.0163917 0.154501 -0.0150946 0.987877 -0.13545 -0.0046728 0.990773
1226 1230 0.979701 -0.000366719 -0.200466 4.2744e-05 0.999999 -0.00162044 0.200466 0.00157898 0.979699 -0.172704 -0.0131522 0.984886
1230 1234 0.975959 -0.00673539 -0.217849 0.00303971 0.999846 -0.0172951 0.217932 0.0162171 0.975829 -0.191175 -0.0172221 0.981405
1234 1238 0.977807 -0.0115949 -0.209186 0.0143336 0.99983 0.0115807 0.209017 -0.0143221 0.977807 -0.169596 -0.0108502 0.985454
1238 1249 0.922046 0.0500411 -0.383832 -0.0485262 0.998729 0.0136365 0.384026 0.00605243 0.923302 -0.298129 -0.0051149 0.954512
1249 1261 0.982205 -0.0308557 0.185258 0.0274808 0.999407 0.0207583 -0.185788 -0.0152979 0.982471 0.0640257 -0.0151322 0.997834
1261 1267 0.944856 0.00714164 0.327407 -0.00213 0.999875 -0.0156631 -0.327478 0.014102 0.944754 0.262304 -0.0277045 0.964588
1267 1272 0.95736 -0.0195088 0.288239 0.0191045 0.999809 0.00421611 -0.288266 0.00147031 0.957549 0.297101 -0.0148397 0.954731
1272 1276 0.983205 0.0111561 0.182166 -0.0116304 0.999931 0.00153587 -0.182136 -0.00362874 0.983267 0.182493 -0.00641992 0.983186
1276 1282 0.982533 -0.0097685 0.185834 0.0105548 0.999939 -0.00324208 -0.185791 0.00514689 0.982576 0.170741 -0.0107368 0.985257
1282 1289 0.996387 -0.00751884 0.0845953 0.00822924 0.999934 -0.00805206 -0.0845292 0.00871912 0.996383 0.0622707 -0.0101264 0.998008
1289 1294 0.999977 0.00232548 0.00639026 -0.00237077 0.999972 0.00708897 -0.00637359 -0.00710396 0.999954 -0.00128242 -0.00340714 0.999993
1294 1301 0.999854 0.00428455 0.0165674 -0.00419376 0.999976 -0.00551078 -0.0165906 0.00544049 0.999848 0.00525548 -0.00825995 0.999952
1301 1306 0.99991 -0.00451487 0.0126175 0.00448173 0.999986 0.00265348 -0.0126293 -0.00259669 0.999917 0.00643786 -0.00580036 0.999962
1306 1311 0.999963 0.00144144 0.00853768 -0.00136649 0.999961 -0.00877881 -0.00854999 0.00876681 0.999925 -0.00158588 -0.00846456 0.999963
1311 1316 0.999987 -0.00507467 0.000324991 0.00507251 0.999967 0.00634702 -0.00035719 -0.00634529 0.99998 -0.00168778 -0.00763581 0.999969
1316 1320 0.999907 -0.00524399 -0.0125716 0.00522144 0.999985 -0.00182581 0.012581 0.00176 0.999919 -0.0108182 -0.011269 0.999878
1320 1324 0.999968 0.00359007 -0.00720636 -0.00360993 0.99999 -0.0027442 0.00719644 0.00277012 0.99997 -0.0106454 -0.0124587 0.999866
1324 1330 0.99995 -0.0002521 -0.010028 0.000197135 0.999985 -0.00548176 0.0100292 0.00547951 0.999935 -0.00577775 -0.00396968 0.999975
1330 1337 0.999934 -0.0114945 2.16022e-05 0.0114938 0.99989 0.00936303 -0.000129223 -0.00936216 0.999956 -0.00282114 -0.000695591 0.999996
1337 1339 0.999995 0.00165808 -0.00252675 -0.00164403 0.999983 0.00555287 0.00253592 -0.0055487 0.999981 -0.0058521 -0.0144515 0.999878
1339 1348 0.999932 -0.00369664 -0.0110781 0.00369227 0.999993 -0.000414872 0.0110796 0.00037394 0.999939 -0.00926428 -0.0161646 0.999826
1348 1354 0.999861 0.0163864 -0.00314585 -0.0163971 0.99986 -0.00340126 0.00308967 0.00345237 0.999989 -0.017318 -0.0152995 0.999733
1354 1360 0.999971 0.00116006 0.00752287 -0.0011988 0.999986 0.00514776 -0.0075168 -0.00515663 0.999958 -0.00376277 -0.0115563 0.999926
1360 1368 0.999527 0.00413478 0.0304716 -0.00410657 0.999991 -0.000988195 -0.0304754 0.000862594 0.999535 0.010241 -0.0190999 0.999765
1368 1391 0.966076 -0.0249036 0.257054 0.0247951 0.999686 0.00366417 -0.257064 0.0028338 0.96639 0.126691 -0.0148581 0.991831
1391 1400 0.986338 0.00882421 0.164499 -0.0054945 0.999771 -0.0206855 -0.164644 0.019499 0.98616 0.155155 -0.0118052 0.98782
1400 1406 0.971989 0.00463793 0.234982 -0.00363729 0.999982 -0.00469162 -0.235 0.0037055 0.971988 0.210623 -0.00995218 0.977517
1406 1409 0.988325 0.0105749 0.151991 -0.0102238 0.999943 -0.0030918 -0.152015 0.00150179 0.988377 0.169818 -0.00805727 0.985442
1409 1414 0.95768 0.00134942 0.287834 0.00157722 0.999949 -0.0099357 -0.287832 0.00996919 0.957629 0.252836 -0.00613648 0.96749
1414 1422 0.931714 -0.0119706 0.362996 0.00841801 0.9999 0.0113672 -0.363095 -0.00753524 0.931721 0.285046 0.00277848 0.95851
1422 1431 0.99291 -0.00834597 0.118573 0.00797209 0.999962 0.00362713 -0.118599 -0.00265615 0.992939 0.0903989 0.000369315 0.995906
1431 1437 0.999982 -0.00594513 0.00109933 0.0059457 0.999982 -0.000518405 -0.00109623 0.000524932 0.999999 -0.0028747 -0.00191461 0.999994
1437 1443 0.999865 -0.00795524 -0.0144051 0.00787679 0.999954 -0.00549447 0.0144481 0.00538026 0.999881 -0.007653 -0.00771217 0.999941
1443 1447 0.999883 0.00671499 -0.0137185 -0.00669966 0.999977 0.00116281 0.013726 -0.00107077 0.999905 -0.0173246 -0.00533359 0.999836
1447 1452 0.999912 -0.00469915 -0.0124141 0.00472813 0.999986 0.00230578 0.0124031 -0.00236428 0.99992 -0.00816585 -0.00536967 0.999952
1452 1457 0.99998 0.00221576 -0.00593943 -0.002207 0.999996 0.00148024 0.00594269 -0.00146711 0.999981 -0.00765146 -0.00939239 0.999927
1457 1461 1 -0.000257065 2.22218e-05 0.000257003 0.999996 0.00275605 -2.29302e-05 -0.00275605 0.999996 -0.00857467 -0.012487 0.999885
1461 1467 0.999958 0.0044415 0.00807235 -0.00446502 0.999986 0.00289787 -0.00805936 -0.00293379 0.999963 0.000336848 -0.0112815 0.999936
1467 1471 0.999982 -0.00120323 0.0059002 0.00117635 0.999989 0.00455692 -0.00590562 -0.0045499 0.999972 0.0055816 -0.00540344 0.99997
1471 1477 0.999915 -0.0104911 0.00773819 0.0105575 0.999907 -0.00858976 -0.00764736 0.00867073 0.999933 0.00389246 -0.010854 0.999934
1477 1481 0.999976 0.00603172 0.00333182 -0.00604444 0.999974 0.00382201 -0.00330868 -0.00384205 0.999987 -0.00239931 -0.00580321 0.99998
1481 1486 0.99999 -0.00416516 -0.00131135 0.00416546 0.999991 0.000229622 0.00131039 -0.000235082 0.999999 -0.00239075 -0.0137045 0.999903
1486 1490 0.999997 -0.00158345 -0.00181786 0.00158045 0.999997 -0.00164932 0.00182047 0.00164644 0.999997 -0.00552547 -0.0121435 0.999911
1490 1494 0.999993 0.00203114 -0.00304497 -0.00202353 0.999995 0.00249945 0.00305003 -0.00249327 0.999992 -0.0012556 -0.0113104 0.999935
1494 1499 0.999987 -0.000104785 -0.0051097 0.000103182 1 -0.000313866 0.00510973 0.000313335 0.999987 0.000545593 -0.00771232 0.99997
1499 1503 0.999992 0.00149103 -0.0036889 -0.00149489 0.999998 -0.00104621 0.00368734 0.00105172 0.999993 -0.000697611 -0.0115507 0.999933
1503 1508 0.999991 -0.00132514 -0.00395178 0.00136584 0.999946 0.0103141 0.0039379 -0.0103194 0.999939 -0.0020728 -0.00752515 0.99997
1508 1512 0.999989 -0.00296649 -0.00351404 0.00297651 0.999992 0.00284933 0.00350556 -0.00285976 0.99999 -0.000117141 -0.0149699 0.999888
1512 1516 1 -0.00021763 -7.35938e-05 0.00021719 0.999982 -0.00593297 7.48837e-05 0.00593295 0.999982 -0.00158708 -0.0163449 0.999865
1516 1520 0.999986 0.00402981 0.00334931 -0.00402869 0.999992 -0.000340886 -0.00335066 0.000327388 0.999994 -0.00316957 -0.0187341 0.999819
1520 1527 0.999968 2.66952e-05 0.00796679 -4.31562e-06 0.999996 -0.00280912 -0.00796684 0.00280899 0.999964 0.000523933 -0.0177066 0.999843
1527 1533 0.999973 0.00114598 0.00731395 -0.00117006 0.999994 0.00328879 -0.00731014 -0.00329726 0.999968 -0.000417613 -0.0159541 0.999873
1533 1545 0.988817 -0.0201988 -0.147761 0.0214736 0.999745 0.00703715 0.147582 -0.0101314 0.988998 -0.0433811 -0.0165475 0.998922
1545 1551 0.966235 0.0335921 -0.255463 -0.0317474 0.999432 0.0113425 0.255699 -0.00284922 0.966752 -0.196579 -0.00933355 0.980444
1551 1555 0.976372 0.0305818 -0.213923 -0.0275655 0.999474 0.0170693 0.214333 -0.0107691 0.976701 -0.205908 -0.00362644 0.978565
1555 1557 0.993073 0.00501146 -0.117389 -0.00441355 0.999976 0.0053528 0.117413 -0.00479762 0.993072 -0.152781 -0.0154059 0.98814
1557 1558 0.99821 -0.00086125 -0.0597987 0.000898397 0.999999 0.000594326 0.0597981 -0.000646985 0.99821 -0.127226 -0.0144739 0.991768
1558 1563 0.956018 0.0104019 -0.293123 -0.0104321 0.999945 0.00146043 0.293122 0.00166168 0.956074 -0.250697 -0.0119839 0.967991
1563 1570 0.951219 0.00673086 -0.308442 -0.00967868 0.999921 -0.00802817 0.308363 0.0106219 0.951209 -0.256894 -0.0138762 0.96634
1570 1575 0.996922 -0.00416076 -0.0782846 0.00319752 0.999918 -0.0124256 0.0783299 0.0121371 0.996854 -0.0716549 -0.0136033 0.997337
1575 1581 0.999838 -0.010516 -0.0145923 0.0105957 0.999929 0.00539638 0.0145345 -0.00555012 0.999879 -0.012829 -0.0040998 0.999909
1581 1587 0.999811 -0.0190004 -0.00400835 0.0190014 0.999819 0.000231217 0.00400323 -0.000307338 0.999992 0.00441597 -0.00515717 0.999977
1587 1598 0.995157 0.00766799 -0.0979962 -0.00825427 0.99995 -0.00557865 0.0979485 0.00636052 0.995171 -0.057418 -0.00579541 0.998333
1598 1606 0.998811 0.0304194 0.0381003 -0.0306747 0.999511 0.00613374 -0.0378951 -0.00729516 0.999255 0.0006912 -0.00942516 0.999955
1606 1611 0.998209 -0.0025165 0.059774 0.00244416 0.999996 0.00128329 -0.059777 -0.00113489 0.998211 0.0338067 -0.0120719 0.999355
1611 1618 0.998553 -0.0090217 0.05301 0.00931136 0.999943 -0.00521985 -0.0529599 0.00570589 0.99858 0.0379556 -0.0115324 0.999213
1618 1626 0.999932 0.00445281 -0.0107775 -0.00438264 0.999969 0.00652584 0.0108062 -0.00647816 0.999921 -0.00858198 -0.00947116 0.999918
1626 1635 0.993418 0.0266521 0.1114 -0.0263031 0.999643 -0.00460112 -0.111483 0.00164068 0.993765 0.0355523 -0.0202604 0.999162
1635 1640 0.994402 -0.0186043 0.104017 0.018305 0.999825 0.00383156 -0.10407 -0.00190608 0.994568 0.0682234 -0.0129202 0.997586
1640 1646 0.997513 -0.0105924 0.0696797 0.00879882 0.999623 0.0259965 -0.0699288 -0.0253188 0.997231 0.0493775 -0.00336947 0.998775
1646 1653 0.999947 -0.00495959 0.00903763 0.00511195 0.999844 -0.0169141 -0.00895233 0.0169594 0.999816 0.0014276 -0.030229 0.999542
1653 1659 0.997365 -4.52211e-05 0.0725535 0.00084431 0.999939 -0.0109831 -0.0725486 0.0110155 0.997304 0.0350131 -0.0134741 0.999296
1659 1666 0.999008 -0.00867407 0.0436817 0.00882107 0.999956 -0.00317372 -0.0436523 0.0035559 0.99904 0.0317571 -0.0128233 0.999413
1666 1673 0.99933 0.0234997 0.0280621 -0.0236195 0.999713 0.00394664 -0.0279613 -0.00460681 0.999598 -0.000978718 -0.00976659 0.999952
1673 1680 0.995312 0.00474389 0.0966031 -0.00479833 0.999988 0.000331258 -0.0966004 -0.000793239 0.995323 0.0487738 -0.00936755 0.998766
1680 1684 0.998206 -0.00210539 0.0598413 0.00194802 0.999994 0.00268794 -0.0598466 -0.00256655 0.998204 0.0344584 -0.0121197 0.999333
1684 1690 0.999053 -0.0177841 0.0397061 0.0177758 0.999842 0.000562063 -0.0397098 0.000144276 0.999211 0.0372346 -0.0127828 0.999225
1690 1706 0.999568 -0.0117867 -0.0269083 0.0118496 0.999927 0.00218024 0.0268807 -0.00249815 0.999636 -0.0295836 -0.014745 0.999454
1706 1710 0.999757 0.00726231 0.0208006 -0.00716514 0.999963 -0.00474257 -0.0208342 0.00459238 0.999772 0.00950847 -0.0145116 0.999849
1710 1718 0.999977 0.00367126 -0.00578067 -0.00359379 0.999904 0.0133546 0.00582915 -0.0133335 0.999894 -0.00233422 -0.00778976 0.999967
1718 1724 0.998537 0.0299115 -0.0450428 -0.0303064 0.999508 -0.00811014 0.044778 0.00946336 0.998952 -0.0495159 -0.0092245 0.998731
1724 1732 0.999869 0.0125658 -0.0101919 -0.012658 0.999879 -0.00903561 0.0100771 0.00916343 0.999907 -0.0188292 -0.0133879 0.999733
1732 1739 0.999908 0.0050269 0.012602 -0.00512998 0.999954 0.0081606 -0.0125604 -0.0082245 0.999887 0.00099197 0.00111564 0.999999
1739 1744 0.999879 0.0149025 0.00447733 -0.014941 0.999851 0.00869369 -0.0043471 -0.00875954 0.999952 -0.00522449 -0.00163149 0.999985
1744 1749 0.99984 -0.0111807 -0.0139762 0.0111188 0.999928 -0.00450179 0.0140255 0.00434567 0.999892 -0.00954355 -0.0137232 0.99986
1749 1753 0.999911 -0.0108988 -0.00774481 0.0109 0.999941 0.000111934 0.00774313 -0.000196343 0.99997 -0.00844249 -0.0118384 0.999894
1753 1759 0.99979 0.0169624 0.011468 -0.0169894 0.999853 0.00226308 -0.0114279 -0.00245744 0.999932 0.00113175 -0.00623826 0.99998
1759 1765 0.999953 -0.00819201 0.00520233 0.00820156 0.999965 -0.00181761 -0.00518725 0.0018602 0.999985 0.00548276 -0.0118224 0.999915
1765 1770 0.999986 0.00526407 -0.00103725 -0.00526177 0.999984 0.00219945 0.00104881 -0.00219396 0.999997 -0.00899594 -0.0188916 0.999781
1770 1776 0.999676 -0.0142409 0.021084 0.0142002 0.999897 0.0020815 -0.0211115 -0.00178143 0.999776 0.0110948 -0.0239018 0.999653
1776 1782 0.999787 -0.0143136 0.0148906 0.0145633 0.999753 -0.0167972 -0.0146465 0.0170104 0.999748 0.00786872 -0.0220861 0.999725
1782 1789 0.980682 -0.0353404 -0.192387 0.0365252 0.999329 0.00261392 0.192166 -0.0095904 0.981316 -0.093097 -0.014821 0.995547
1789 1798 0.931608 0.0198986 -0.362919 -0.0182214 0.999802 0.00804454 0.363007 -0.000881484 0.931786 -0.258515 -0.0145435 0.965898
1798 1802 0.995921 0.0296023 -0.0852342 -0.0289319 0.99954 0.00908972 0.0854641 -0.00658665 0.996319 -0.10324 -0.00423061 0.994647
1802 1810 0.999839 0.0163394 0.00745197 -0.0162825 0.999838 -0.00763265 -0.00757547 0.00751009 0.999943 -0.0169654 -0.0137337 0.999762
1810 1817 0.99893 0.0126342 0.0444942 -0.0125433 0.999919 -0.00232295 -0.0445199 0.00176236 0.999007 0.0216242 -0.0130478 0.999681
1817 1822 0.999978 -0.00418661 0.00522023 0.00417308 0.999988 0.00260068 -0.00523105 -0.00257884 0.999983 9.59628e-05 -0.0094326 0.999956
1822 1826 0.99999 -0.00148227 -0.00413833 0.00149912 0.999991 0.00407025 0.00413226 -0.00407642 0.999983 -0.00909489 -0.00736026 0.999932
1826 1829 0.999991 0.00211464 -0.00380906 -0.00210094 0.999991 0.00359725 0.00381663 -0.00358921 0.999986 -0.0126936 -0.00890987 0.99988
1829 1834 0.999993 -0.00288305 0.00248959 0.002896 0.999982 -0.00521407 -0.00247451 0.00522124 0.999983 -0.00772664 -0.0140538 0.999871
1834 1841 0.999874 0.000617117 0.0158835 -0.00045579 0.999948 -0.0101585 -0.0158889 0.01015 0.999822 0.00112968 -0.0156948 0.999876
1841 1846 0.999914 -0.0130912 -5.26091e-05 0.0130912 0.999886 0.00751708 -4.58045e-05 -0.00751713 0.999972 0.00108681 -0.00476036 0.999988
1846 1855 0.999834 0.00342372 -0.0178972 -0.00348761 0.999988 -0.00353982 0.0178848 0.00360165 0.999834 -0.0157213 -0.0150945 0.999762
1855 1862 0.99993 0.00872408 0.0080403 -0.00880322 0.999913 0.00986116 -0.00795356 -0.00993125 0.999919 -0.00702818 -0.00932543 0.999932
1862 1869 0.999773 -0.0210765 -0.0030739 0.0210744 0.999778 -0.000730782 0.00308862 0.000665836 0.999995 -0.00590042 -0.0170698 0.999837
1869 1874 0.999805 0.0193538 0.00388643 -0.0193468 0.999811 -0.00181283 -0.00392078 0.00173729 0.999991 -0.0111755 -0.0150801 0.999824
1874 1880 0.999892 -0.0112859 0.00943744 0.0112744 0.999936 0.00127625 -0.00945124 -0.00116971 0.999955 0.00100639 -0.0106753 0.999943
1880 1882 0.99995 0.00937984 0.00340817 -0.00941161 0.999911 0.0094271 -0.00331944 -0.00945871 0.99995 -0.021424 -0.0063265 0.99975
1882 1888 0.999984 -0.00554707 0.000821064 0.00555523 0.999932 -0.0102984 -0.000763882 0.0103028 0.999947 -0.00771789 -0.0250978 0.999655
1888 1892 0.999962 0.00188459 -0.00847544 -0.00192341 0.999988 -0.00457445 0.00846671 0.00459058 0.999954 -0.01618 -0.0162204 0.999738
