0 1 0 0 0 1 0 0 0 1 
11 0.99899 -0.00357413 0.0447952 0.00350994 0.999993 0.00151156 -0.0448003 -0.00135281 0.998995 
12 0.998893 -0.00310218 0.0469453 0.00302319 0.999994 0.00175352 -0.0469504 -0.00160965 0.998896 
15 0.998635 0.00162537 0.052213 -0.00170589 0.999997 0.0014977 -0.0522105 -0.00158472 0.998635 
20 0.998209 -0.00508997 0.059606 0.00471026 0.999968 0.00650923 -0.0596372 -0.00621681 0.998201 
23 0.997969 -0.00480162 0.0635262 0.00445411 0.999974 0.00561084 -0.0635515 -0.00531649 0.997964 
27 0.997926 -0.00540451 0.0641371 0.00558417 0.999981 -0.0026223 -0.0641217 0.00297502 0.997938 
32 0.998329 -0.00470947 0.0575997 0.00446412 0.99998 0.00438757 -0.0576192 -0.00412311 0.99833 
37 0.998081 0.0135751 0.0604106 -0.0135028 0.999908 -0.00160508 -0.0604268 0.000786291 0.998172 
46 0.997584 0.0043321 0.0693282 -0.00363527 0.999942 -0.0101741 -0.0693682 0.00989754 0.997542 
50 0.997422 0.00455134 0.0716137 -0.00402616 0.999964 -0.00747624 -0.0716452 0.00716863 0.997404 
59 0.997133 0.0102383 0.0749779 -0.00993745 0.999941 -0.00438427 -0.0750184 0.00362661 0.997176 
65 0.996658 0.0115377 0.080872 -0.0110974 0.999921 -0.00589178 -0.0809336 0.00497462 0.996707 
77 0.995408 -0.00944754 0.095255 0.0110488 0.999806 -0.016297 -0.0950826 0.0172746 0.995319 
93 0.998754 -0.00825686 0.0492082 0.00850181 0.999952 -0.00477061 -0.0491664 0.00518302 0.998777 
99 0.993165 -0.0087127 -0.116397 0.0074064 0.999905 -0.0116505 0.116488 0.0107088 0.993134 
106 0.879236 -0.0132606 -0.476202 0.0114624 0.999912 -0.00668049 0.476249 0.000415321 0.87931 
111 0.682042 -0.010052 -0.731244 0.00665232 0.999949 -0.00754098 0.731283 0.000278802 0.682075 
117 0.406048 -0.00270311 -0.913848 0.0070522 0.999975 0.000175613 0.913825 -0.00651594 0.406057 
125 0.169334 0.0135962 -0.985465 0.0213553 0.999619 0.017461 0.985327 -0.0240016 0.168979 
131 0.0772019 0.0180041 -0.996853 0.0179278 0.99965 0.0194431 0.996854 -0.0193724 0.0768521 
136 0.0420449 0.0266262 -0.998761 0.0211141 0.999398 0.027532 0.998893 -0.0222456 0.0414574 
144 0.0360415 0.0463686 -0.998274 0.018981 0.998711 0.0470742 0.99917 -0.0206449 0.0351149 
156 0.0645916 0.026943 -0.997548 0.021878 0.999357 0.0284084 0.997672 -0.0236593 0.0639606 
163 0.0525004 0.00881116 -0.998582 0.0190787 0.99977 0.0098247 0.998439 -0.0195675 0.0523202 
169 -0.00110149 0.00596956 -0.999982 0.0164178 0.999848 0.00595067 0.999865 -0.0164109 -0.00119933 
176 -0.0742568 0.00975571 -0.997191 0.0201365 0.999763 0.00828138 0.997036 -0.019465 -0.0744357 
188 -0.097271 0.0212472 -0.995031 0.0175959 0.999653 0.0196258 0.995102 -0.0155994 -0.0976111 
200 0.276969 -0.00270318 -0.960875 0.00964635 0.999953 -3.25928e-05 0.96083 -0.00925991 0.276982 
202 0.389241 -0.000599581 -0.921136 0.0100465 0.999943 0.00359444 0.921081 -0.0106533 0.389225 
205 0.565525 -0.000424929 -0.824731 0.0198085 0.999718 0.0130677 0.824493 -0.0237268 0.565374 
208 0.722518 -0.00360062 -0.691342 0.0206656 0.999652 0.0163911 0.691043 -0.0261299 0.722341 
212 0.877087 -0.00604053 -0.480293 0.00528426 0.999982 -0.00292667 0.480302 2.89506e-05 0.877103 
216 0.950806 -0.0215473 -0.309036 0.017336 0.999716 -0.016367 0.309301 0.0102044 0.950909 
224 0.977267 -0.0365167 -0.208845 0.0350083 0.999327 -0.0109158 0.209103 0.00335639 0.977888 
233 0.969436 -0.0284523 -0.24369 0.0255563 0.99956 -0.0150376 0.24401 0.00835016 0.969737 
240 0.971928 -0.0236131 -0.234091 0.0216143 0.999705 -0.0111007 0.234284 0.00572936 0.972151 
248 0.977025 -0.0210031 -0.212089 0.0202957 0.999779 -0.00551246 0.212158 0.00108133 0.977235 
254 0.975637 -0.0419526 -0.215344 0.041409 0.999117 -0.00703752 0.215449 -0.00205112 0.976513 
262 0.973014 -0.0365973 -0.227826 0.0344269 0.999316 -0.0134948 0.228164 0.00528726 0.973608 
269 0.973885 -0.0241152 -0.225758 0.0177931 0.999392 -0.0299972 0.226344 0.0251969 0.973721 
280 0.978742 -0.0390885 -0.201336 0.0383097 0.999236 -0.00776455 0.201486 -0.000113654 0.979491 
286 0.984473 -0.0243247 -0.173841 0.0228775 0.999685 -0.0103241 0.174038 0.00618671 0.98472 
294 0.991379 -0.0379837 -0.125401 0.0375163 0.999277 -0.00608786 0.125541 0.0013308 0.992088 
301 0.99662 -0.0449 -0.068788 0.0437456 0.998877 -0.0181972 0.0695278 0.0151265 0.997465 
310 0.998479 -0.04315 -0.0343096 0.0427699 0.999016 -0.0117376 0.0347823 0.0102523 0.999342 
315 0.999612 -0.0278316 0.000813116 0.0278425 0.999397 -0.0207292 -0.000235699 0.0207438 0.999785 
321 0.99917 -0.0141697 0.0381894 0.01493 0.999695 -0.0196963 -0.0378986 0.0202501 0.999076 
328 0.99816 -0.0240507 0.0556546 0.0248545 0.999596 -0.0137966 -0.0553003 0.0151545 0.998355 
335 0.997826 -0.00990701 0.0651584 0.0105656 0.999896 -0.00977019 -0.0650549 0.0104374 0.997827 
341 0.997341 -0.0228857 0.0691918 0.0235538 0.999683 -0.00885546 -0.0689672 0.0104616 0.997564 
344 0.997152 -0.0272434 0.0703199 0.0278318 0.999585 -0.00740055 -0.0700891 0.0093366 0.997497 
348 0.996716 -0.0273349 0.07622 0.0290101 0.999359 -0.0209593 -0.0755982 0.0231016 0.996871 
354 0.997242 -0.0160297 0.0724666 0.0159603 0.999871 0.00153671 -0.0724819 -0.000375891 0.99737 
367 0.999893 -0.013822 -0.0047339 0.013785 0.999875 -0.0077749 0.00484077 0.00770882 0.999959 
377 0.999413 -0.0329033 0.00955158 0.0329705 0.999432 -0.00696441 -0.009317 0.00727525 0.99993 
380 0.999588 -0.0195394 0.0210083 0.020141 0.999382 -0.0288182 -0.0204322 0.0292295 0.999364 
386 0.999447 0.00429149 0.0329832 -0.00358032 0.99976 -0.0215905 -0.033068 0.0214604 0.999223 
391 0.999061 0.0226257 0.0369452 -0.0218701 0.999546 -0.0207307 -0.0373975 0.0199032 0.999102 
395 0.998851 0.0291278 0.0380541 -0.0289596 0.999568 -0.00496314 -0.0381822 0.0038554 0.999263 
401 0.998845 0.0281659 0.038916 -0.0272754 0.999358 -0.023228 -0.0395453 0.0221398 0.998972 
416 0.909481 0.023922 0.415057 -0.0233353 0.999707 -0.00648582 -0.41509 -0.00378675 0.909773 
421 0.757459 -0.0251332 0.652399 0.0250955 0.999641 0.0093736 -0.6524 0.00927215 0.757818 
424 0.635814 -0.0381099 0.770901 0.0574094 0.998349 0.00200454 -0.769704 0.0429824 0.636952 
426 0.545469 -0.037004 0.837313 0.0639842 0.997948 0.00242046 -0.835685 0.0522545 0.546718 
428 0.446264 -0.0221205 0.894628 0.0553777 0.998461 -0.00293594 -0.893186 0.0508526 0.446802 
430 0.340213 -0.00998832 0.940295 0.0427165 0.999075 -0.00484275 -0.939378 0.0418137 0.340325 
433 0.193664 -0.0084611 0.981031 0.0424173 0.9991 0.000243387 -0.98015 0.0415656 0.193849 
435 0.110377 -0.00518673 0.993876 0.0401932 0.999192 0.000750719 -0.993077 0.0398642 0.110497 
438 0.020788 -0.00513554 0.999771 0.0335894 0.999426 0.00443535 -0.99922 0.0334895 0.0209485 
440 -0.0201364 -0.00868568 0.99976 0.0302585 0.999499 0.00929286 -0.999339 0.0304383 -0.0198635 
441 -0.0345339 -0.0115929 0.999336 0.0294085 0.999488 0.0126109 -0.998971 0.0298245 -0.0341753 
446 -0.057599 -0.013379 0.99825 0.0263866 0.99954 0.0149188 -0.997991 0.0271997 -0.0572195 
450 -0.0550331 -0.00861891 0.998447 0.0227475 0.999692 0.00988347 -0.998225 0.0232561 -0.0548201 
455 -0.0482708 -0.00423789 0.998825 0.0219305 0.999745 0.00530164 -0.998594 0.0221607 -0.0481655 
460 -0.0419994 0.00384441 0.99911 0.0340046 0.999419 -0.00241616 -0.998539 0.0338729 -0.0421057 
467 -0.054184 0.013417 0.998441 0.0415673 0.999073 -0.0111697 -0.997665 0.0408973 -0.0546915 
472 -0.0658807 0.0131079 0.997741 0.0339653 0.999364 -0.0108865 -0.997249 0.0331713 -0.066284 
476 -0.0674641 0.000874537 0.997721 0.0247594 0.999693 0.000797918 -0.997414 0.0247568 -0.0674651 
482 -0.0561057 0.0145837 0.998318 0.0287945 0.999501 -0.0129828 -0.99801 0.0280177 -0.0564976 
490 -0.0588757 0.0134092 0.998175 0.032906 0.999392 -0.0114846 -0.997723 0.0321698 -0.0592812 
497 -0.0894576 -0.00100096 0.99599 0.0329123 0.99945 0.00396055 -0.995447 0.0331346 -0.0893755 
504 -0.0968098 -0.0257288 0.99497 0.0301202 0.999132 0.028767 -0.994847 0.0327536 -0.0959508 
511 -0.0804907 -0.0309029 0.996276 0.0292323 0.999016 0.0333496 -0.996327 0.0318078 -0.0795081 
531 0.0138996 -0.0196839 0.99971 0.0347836 0.999211 0.0191905 -0.999298 0.0345068 0.0145733 
578 0.378133 -0.0032835 0.925746 0.0201461 0.999786 -0.00468282 -0.925532 0.0204209 0.378118 
583 0.611572 -0.00729519 0.791155 0.0261425 0.999598 -0.0109913 -0.790757 0.0274047 0.611517 
590 0.893047 -0.00435476 0.449943 0.0101046 0.999895 -0.0103781 -0.44985 0.0138146 0.892997 
598 0.993359 0.000911942 0.115053 2.20891e-05 0.999967 -0.00811673 -0.115057 0.00806536 0.993326 
604 0.999154 0.00703203 0.0405075 -0.00677132 0.999955 -0.00656979 -0.0405519 0.00628994 0.999158 
615 0.999316 0.00454138 0.0366875 -0.00460008 0.999988 0.0015156 -0.0366802 -0.00168333 0.999326 
620 0.999202 0.0140315 0.0374016 -0.0136427 0.99985 -0.010631 -0.0375452 0.0101123 0.999244 
627 0.999063 0.0123692 0.0414765 -0.0116466 0.999777 -0.0176207 -0.0416852 0.0171212 0.998984 
633 0.998791 0.0207288 0.0445689 -0.020307 0.999745 -0.00989541 -0.0447627 0.00897838 0.998957 
638 0.998295 0.0232246 0.0535559 -0.023232 0.99973 -0.000485227 -0.0535527 -0.000759808 0.998565 
646 0.998053 0.0142016 0.0607302 -0.0137165 0.999871 -0.00839626 -0.0608416 0.00754691 0.998119 
651 0.998157 0.0109884 0.0596777 -0.0104518 0.999902 -0.00929702 -0.059774 0.00865615 0.998174 
655 0.998308 0.00209851 0.0581169 -0.00104169 0.999834 -0.0182086 -0.0581454 0.0181173 0.998144 
662 0.998299 -0.0135109 0.0567116 0.013907 0.999882 -0.00659435 -0.0566158 0.00737182 0.998369 
667 0.998382 -0.013865 0.0551531 0.0143645 0.999859 -0.00867127 -0.0550251 0.00944949 0.99844 
671 0.998521 -0.0126534 0.0528756 0.0130982 0.999882 -0.0080738 -0.0527672 0.00875443 0.998568 
679 0.998598 -0.00925064 0.0521175 0.0100611 0.999832 -0.0153106 -0.0519672 0.0158135 0.998524 
684 0.998569 0.00186162 0.0534379 -0.00112277 0.999903 -0.013853 -0.0534585 0.0137732 0.998475 
692 0.998115 0.0212634 0.0575659 -0.0202782 0.999639 -0.0176446 -0.0579203 0.016444 0.998186 
697 0.997643 0.0286607 0.0623388 -0.0275988 0.99946 -0.0178298 -0.0628161 0.0160673 0.997896 
708 0.998011 0.0242556 0.0581953 -0.023258 0.999572 -0.0177582 -0.0586011 0.0163694 0.998147 
726 0.99369 0.0204669 0.11028 -0.0194113 0.999755 -0.0106376 -0.110471 0.00842979 0.993844 
739 0.783879 0.00517452 0.620892 0.0208078 0.999185 -0.0345971 -0.620565 0.0400393 0.783133 
743 0.607372 0.0317406 0.793783 0.0200378 0.998271 -0.0552495 -0.794165 0.0494627 0.605686 
747 0.374337 0.0486404 0.926016 0.00941707 0.998372 -0.0562478 -0.927245 0.029776 0.37327 
750 0.180872 0.0653091 0.981336 0.00638862 0.997694 -0.0675752 -0.983486 0.0184918 0.180037 
752 0.067473 0.0464255 0.99664 0.0244755 0.998539 -0.0481709 -0.997421 0.0276436 0.0662382 
755 -0.0495 0.026629 0.998419 0.036067 0.99904 -0.0248574 -0.998123 0.0347795 -0.0504129 
759 -0.102472 0.0145496 0.994629 0.0270198 0.999565 -0.011838 -0.994369 0.0256616 -0.102821 
765 -0.100984 0.0189455 0.994708 0.0206514 0.999643 -0.0169429 -0.994674 0.0188311 -0.10134 
769 -0.086931 0.00480228 0.996203 0.0166434 0.999856 -0.00336755 -0.996075 0.0162875 -0.0869984 
777 -0.0584312 0.00294474 0.998287 0.0311907 0.999513 -0.00112272 -0.997804 0.0310717 -0.0584946 
782 -0.0471261 0.00240972 0.998886 0.0288953 0.999582 -0.00104815 -0.998471 0.0288138 -0.0471761 
786 -0.0489354 0.00493474 0.99879 0.0314217 0.9995 -0.00339876 -0.998308 0.0312173 -0.049066 
789 -0.0526987 -0.00017108 0.99861 0.0331273 0.999449 0.00191942 -0.998061 0.0331824 -0.052664 
796 -0.0709834 -0.00386107 0.99747 0.0385731 0.999234 0.00661289 -0.996731 0.0389449 -0.0707801 
803 -0.0815592 -0.00845929 0.996633 0.0338738 0.999363 0.0112545 -0.996093 0.0346776 -0.0812206 
807 -0.0690946 -0.0149394 0.997498 0.0306444 0.999384 0.0170903 -0.997139 0.0317486 -0.0685943 
815 -0.0281192 -0.0157907 0.99948 0.0293241 0.999432 0.0166149 -0.999174 0.029776 -0.0276402 
821 -0.00259186 -0.0112936 0.999933 0.0366017 0.999265 0.011381 -0.999327 0.0366287 -0.00217659 
835 -0.0410638 0.0157842 0.999032 0.0302966 0.999435 -0.0145453 -0.998697 0.0296699 -0.0415188 
846 -0.10649 0.0120816 0.99424 0.0147626 0.999835 -0.0105684 -0.994204 0.0135521 -0.106651 
854 -0.117139 -1.40833e-05 0.993116 0.0203402 0.99979 0.00241332 -0.992907 0.0204829 -0.117114 
859 -0.103807 -0.0121901 0.994523 0.0199641 0.999698 0.0143374 -0.994397 0.0213431 -0.103533 
868 -0.0655942 -0.0259819 0.997508 0.02683 0.999254 0.0277916 -0.997486 0.0285861 -0.0648482 
876 -0.0117018 -0.00932161 0.999888 0.027815 0.999567 0.00964414 -0.999545 0.0279247 -0.0114375 
883 -0.00974203 -0.00436754 0.999943 0.0314415 0.999495 0.00467191 -0.999458 0.0314852 -0.00959978 
888 -0.0267113 0.0121698 0.999569 0.0208182 0.999716 -0.0116153 -0.999426 0.020499 -0.0269571 
894 -0.040928 0.00197781 0.99916 0.0173604 0.999848 -0.00126805 -0.999011 0.0172939 -0.0409561 
899 -0.055232 0.0087861 0.998435 0.0342065 0.999391 -0.00690226 -0.997887 0.0337717 -0.0554989 
903 -0.0647441 0.00729888 0.997875 0.0270353 0.999619 -0.00555754 -0.997536 0.026618 -0.0649168 
909 -0.0670135 0.00423812 0.997743 0.0340459 0.999418 -0.00195854 -0.997171 0.0338378 -0.0671188 
915 -0.0596109 0.00653725 0.9982 0.0366445 0.999319 -0.00435623 -0.997549 0.0363189 -0.0598098 
922 -0.052977 0.00667327 0.998573 0.0407503 0.999159 -0.00451527 -0.997764 0.040453 -0.0532044 
931 -0.0628206 0.0202173 0.99782 0.0232706 0.999553 -0.0187873 -0.997754 0.0220397 -0.063263 
944 -0.312201 0.0258681 0.949664 0.0295259 0.999411 -0.0175165 -0.949557 0.022571 -0.31278 
951 -0.662668 0.0277741 0.748398 0.0352141 0.999362 -0.0059075 -0.748085 0.0224394 -0.663223 
955 -0.840561 0.024335 0.54117 0.0317505 0.999486 0.00437156 -0.540786 0.020857 -0.840902 
960 -0.969972 0.0316358 0.241152 0.0362567 0.999234 0.0147475 -0.240501 0.023048 -0.970375 
966 -0.999063 0.0191258 0.0388132 0.0198842 0.999617 0.0192506 -0.0384301 0.0200043 -0.999061 
972 -0.998631 0.0248671 -0.0460287 0.0249929 0.999685 -0.00216061 0.0459605 -0.00330805 -0.998938 
978 -0.996801 0.0185619 -0.0777419 0.0187455 0.999823 -0.00163267 0.0776979 -0.00308476 -0.996972 
982 -0.995271 0.0102811 -0.0965865 0.0101441 0.999947 0.00190922 0.096601 0.000920416 -0.995323 
987 -0.995362 0.0031674 -0.0961513 0.00364181 0.999982 -0.0047589 0.0961345 -0.00508699 -0.995355 
989 -0.995835 -0.000822899 -0.091166 -0.000506219 0.999994 -0.00349673 0.0911683 -0.00343602 -0.99583 
993 -0.996703 -0.00440926 -0.0810147 -0.00499134 0.999963 0.00698377 0.080981 0.00736512 -0.996688 
1001 -0.997896 -0.0049234 -0.0646498 -0.00561817 0.999928 0.0105693 0.0645931 0.0109103 -0.997852 
1006 -0.9983 -0.0210638 -0.0543475 -0.0215389 0.999735 0.00816987 0.054161 0.00932656 -0.998489 
1011 -0.998971 -0.0121214 -0.0436941 -0.0124275 0.9999 0.00674109 0.043608 0.00727717 -0.999022 
1018 -0.998777 -0.0160295 -0.0467798 -0.0162128 0.999862 0.00354125 0.0467166 0.00429535 -0.998899 
1021 -0.998826 -0.0147179 -0.0461599 -0.0150414 0.999865 0.00666925 0.0460555 0.00735573 -0.998912 
1028 -0.999488 -0.0110115 -0.03005 -0.0111339 0.99993 0.00391097 0.0300048 0.00424354 -0.999541 
1031 -0.999541 -0.0081419 -0.0291748 -0.00831005 0.99995 0.00564698 0.0291274 0.00588683 -0.999558 
1038 -0.998639 -0.000884506 -0.0521502 -0.00104559 0.999995 0.00306156 0.0521472 0.00311192 -0.998635 
1040 -0.998619 -0.00232752 -0.0524921 -0.00297563 0.99992 0.012272 0.0524593 0.0124113 -0.998546 
1043 -0.998433 0.0082342 -0.0553436 0.00855611 0.999948 -0.00558215 0.0552948 -0.00604693 -0.998452 
1047 -0.998619 0.00598661 -0.0522017 0.00541698 0.999924 0.0110468 0.0522638 0.0107487 -0.998575 
1051 -0.999067 0.013267 -0.0410967 0.0127522 0.999837 0.0127632 0.0412593 0.0122273 -0.999074 
1056 -0.999037 0.0155425 -0.0410315 0.0150901 0.999822 0.0113133 0.0412 0.0106832 -0.999094 
1061 -0.998533 0.0115173 -0.0528981 0.0110814 0.999902 0.00852504 0.0529911 0.00792635 -0.998564 
1066 -0.998077 0.00200042 -0.0619521 0.00128964 0.999933 0.0115111 0.0619709 0.011409 -0.998013 
1072 -0.997318 0.0123997 -0.0721323 0.0120259 0.999912 0.00561387 0.0721956 0.00473136 -0.997379 
1079 -0.997824 0.0213947 -0.0623701 0.0216334 0.999761 -0.00315438 0.0622877 -0.00449679 -0.998048 
1084 -0.998305 0.0191118 -0.0549785 0.0190225 0.999817 0.00214638 0.0550095 0.00109691 -0.998485 
1088 -0.998248 0.0295179 -0.0512868 0.0289336 0.999508 0.0120991 0.0516187 0.010594 -0.998611 
1094 -0.998521 0.0235696 -0.0489829 0.0236261 0.999721 -0.000575643 0.0489557 -0.00173207 -0.998799 
1101 -0.999582 0.0176903 -0.0228863 0.0174845 0.999805 0.00916188 0.0230439 0.00875789 -0.999696 
1107 -0.999657 0.0239296 -0.0106559 0.0238312 0.999673 0.00926661 0.0108742 0.00900948 -0.9999 
1123 -0.928629 0.0282076 -0.369936 0.0291223 0.999571 0.00311322 0.369865 -0.00788237 -0.929052 
1126 -0.863269 0.023001 -0.50422 0.0273061 0.999626 -0.00115042 0.504005 -0.0147614 -0.863575 
1130 -0.731769 0.0244815 -0.681113 0.0225351 0.999677 0.0117207 0.68118 -0.00677213 -0.732085 
1131 -0.690356 0.0262786 -0.722992 0.024032 0.999622 0.0133861 0.72307 -0.00813379 -0.690726 
1132 -0.645841 0.0243171 -0.763084 0.0242969 0.999641 0.0112916 0.763085 -0.011248 -0.6462 
1133 -0.598559 0.0215676 -0.800788 0.0238455 0.999674 0.00910058 0.800724 -0.013648 -0.598878 
1135 -0.499939 0.0189681 -0.865853 0.0290798 0.999564 0.00510682 0.865572 -0.0226257 -0.500273 
1139 -0.296239 0.00905754 -0.955071 0.0253282 0.999678 0.00162442 0.954778 -0.023709 -0.296373 
1146 -0.0483957 -0.0188432 -0.99865 0.0306051 0.999325 -0.0203391 0.998359 -0.0315481 -0.0477863 
1157 0.00909189 -0.0023156 -0.999956 0.0214445 0.999768 -0.00212018 0.999729 -0.0214242 0.00913943 
1164 0.0223627 0.00253393 -0.999747 0.0285973 0.999586 0.0031732 0.999341 -0.028661 0.022281 
1172 0.0481792 0.016328 -0.998705 0.0168118 0.999711 0.0171555 0.998697 -0.0176166 0.0478908 
1180 0.0871109 0.00546889 -0.996184 0.0175508 0.999821 0.00702359 0.996044 -0.0180956 0.0869994 
1189 0.0811865 -0.0249775 -0.996386 0.0283319 0.99934 -0.022743 0.996296 -0.0263831 0.0818406 
1194 0.0688881 -0.0319848 -0.997112 0.0250175 0.999227 -0.0303243 0.997311 -0.0228563 0.069635 
1203 0.0187598 -0.0217221 -0.999588 0.0334818 0.999217 -0.0210856 0.999263 -0.0330725 0.0194724 
1209 -0.00793453 -0.0178718 -0.999809 0.0274847 0.999459 -0.0180837 0.999591 -0.0276229 -0.00743903 
1218 0.0597536 0.00734735 -0.998186 0.0282656 0.999559 0.0090495 0.997813 -0.0287551 0.0595196 
1222 0.162855 0.00906696 -0.986608 0.0302622 0.999441 0.0141801 0.986186 -0.0321663 0.162489 
1226 0.313046 -0.00313277 -0.949733 0.01693 0.999854 0.00228228 0.949587 -0.0167934 0.313053 
1230 0.497052 -0.00639296 -0.867697 0.0183146 0.999827 0.00312486 0.867528 -0.0174447 0.497083 
1234 0.67422 -0.00700185 -0.738497 0.0290327 0.999433 0.0170299 0.73796 -0.0329225 0.674041 
1238 0.813919 0.000597691 -0.580978 0.0106411 0.999816 0.0159361 0.580881 -0.019153 0.813763 
1249 0.973028 -0.0553214 -0.223956 0.0548727 0.998459 -0.00823167 0.224066 -0.00427942 0.974565 
1261 0.915592 -0.0261035 -0.401259 0.021389 0.99964 -0.0162253 0.401538 0.00627319 0.915821 
1267 0.733563 -0.0288476 -0.679009 0.0335876 0.999417 -0.00617396 0.678791 -0.0182773 0.734104 
1272 0.507253 -0.00325551 -0.861791 0.0202683 0.999761 0.00815327 0.861559 -0.0216028 0.507198 
1276 0.341577 -0.0108938 -0.939791 0.0227995 0.999735 -0.00330197 0.939577 -0.0202988 0.341735 
1282 0.161286 0.00361977 -0.986901 0.0242973 0.999676 0.00763744 0.986609 -0.0252108 0.161146 
1289 0.0775059 0.0139643 -0.996894 0.0316853 0.999362 0.0164623 0.996488 -0.0328628 0.077014 
1294 0.0710778 0.0118042 -0.997401 0.0247857 0.9996 0.0135965 0.997163 -0.0256877 0.0707568 
1301 0.0544199 0.00803654 -0.998486 0.0305147 0.999487 0.00970772 0.998052 -0.0309968 0.0541467 
1306 0.041947 0.0129067 -0.999036 0.0276769 0.999518 0.014075 0.998736 -0.0282407 0.0415696 
1311 0.0333684 0.0117819 -0.999374 0.036492 0.999249 0.0129988 0.998777 -0.0369029 0.0329134 
1316 0.0331963 0.0168636 -0.999307 0.029984 0.999391 0.0178611 0.998999 -0.0305561 0.0326705 
1320 0.0459182 0.0216959 -0.99871 0.0315677 0.999233 0.0231586 0.998446 -0.0325903 0.0451981 
1324 0.052988 0.0178535 -0.998436 0.034498 0.999211 0.0196982 0.997999 -0.0354878 0.0523303 
1330 0.0630013 0.0176936 -0.997857 0.0399527 0.998997 0.0202363 0.997213 -0.0411419 0.0622312 
1337 0.0633275 0.0291801 -0.997566 0.029888 0.999069 0.0311214 0.997545 -0.0317861 0.0623964 
1339 0.0658078 0.0274568 -0.997454 0.0244575 0.999277 0.0291206 0.997533 -0.0263116 0.0650886 
1348 0.0769458 0.030853 -0.996558 0.024587 0.999158 0.032832 0.996732 -0.0270287 0.0761225 
1354 0.0796115 0.0143819 -0.996722 0.0292856 0.999431 0.0167601 0.996396 -0.0305239 0.079145 
1360 0.0720844 0.0134128 -0.997308 0.0242395 0.999591 0.0151955 0.997104 -0.0252696 0.0717298 
1368 0.0415636 0.0100717 -0.999085 0.0253974 0.999615 0.0111336 0.998813 -0.0258369 0.0412919 
1391 -0.215976 0.0411573 -0.975531 0.0271848 0.998977 0.036128 0.97602 -0.0187168 -0.216874 
1400 -0.37387 0.0381877 -0.926694 0.0443042 0.998747 0.0232826 0.926422 -0.0323518 -0.375094 
1406 -0.581268 0.041088 -0.812674 0.0460023 0.998786 0.0175943 0.812411 -0.0271578 -0.582453 
1409 -0.698451 0.0345253 -0.714824 0.0410728 0.999123 0.00812462 0.714478 -0.0236852 -0.699257 
1414 -0.874478 0.0414574 -0.483291 0.047251 0.998883 0.000188582 0.482759 -0.0226711 -0.87546 
1422 -0.989653 0.0552668 -0.132412 0.0540766 0.998458 0.0125707 0.132902 0.00528019 -0.991115 
1431 -0.997967 0.0622086 -0.0138281 0.0619811 0.997944 0.0163078 0.0148142 0.0154176 -0.999771 
1437 -0.997597 0.068124 -0.0126349 0.0679209 0.997565 0.0158649 0.013685 0.0149686 -0.999794 
1443 -0.996729 0.0761887 -0.0269534 0.0759275 0.997057 0.0105856 0.0276806 0.00850443 -0.999581 
1447 -0.996742 0.0696166 -0.0407414 0.0692031 0.997537 0.0114746 0.0414399 0.00861782 -0.999104 
1452 -0.995813 0.0744338 -0.0530756 0.073788 0.997175 0.0140281 0.0539698 0.010053 -0.998492 
1457 -0.995635 0.0722913 -0.0590392 0.071502 0.997322 0.0153753 0.0599926 0.0110868 -0.998137 
1461 -0.995618 0.0725473 -0.0590123 0.0715924 0.997269 0.0181414 0.0601673 0.013837 -0.998092 
1467 -0.99638 0.0679799 -0.0510468 0.0669928 0.997536 0.0208072 0.0523356 0.0173121 -0.998479 
1471 -0.996592 0.0690499 -0.0451248 0.0679528 0.997365 0.0254114 0.0467605 0.0222584 -0.998658 
1477 -0.996148 0.0794034 -0.0372156 0.0788073 0.996741 0.0172233 0.0384619 0.0142241 -0.999159 
1481 -0.996728 0.0733297 -0.0340129 0.072649 0.99714 0.0208372 0.0354436 0.018298 -0.999204 
1486 -0.996369 0.0775066 -0.0352351 0.0767916 0.996821 0.0212136 0.0367673 0.0184308 -0.999154 
1490 -0.996178 0.0791153 -0.0370204 0.0784296 0.996726 0.0196243 0.0384518 0.0166458 -0.999122 
1494 -0.996213 0.0771486 -0.0401073 0.0763099 0.996841 0.0220401 0.0416809 0.018896 -0.998952 
1499 -0.995979 0.077347 -0.0452088 0.0764274 0.996838 0.0217313 0.0467468 0.0181887 -0.998741 
1503 -0.995913 0.0759233 -0.0489237 0.0749914 0.996971 0.0206134 0.0503405 0.0168603 -0.99859 
1508 -0.995603 0.0773508 -0.0528274 0.0757876 0.996643 0.030982 0.0550465 0.0268421 -0.998123 
1512 -0.995174 0.0804106 -0.0562336 0.078583 0.996328 0.0339928 0.0587605 0.0294098 -0.997839 
1516 -0.995153 0.0806292 -0.056301 0.0791468 0.996467 0.0280843 0.0583665 0.0234922 -0.998019 
1520 -0.995654 0.0765349 -0.0530693 0.075155 0.996792 0.0275305 0.0550061 0.0234224 -0.998211 
1527 -0.996061 0.0763415 -0.0451152 0.0752826 0.996856 0.024725 0.0468609 0.0212312 -0.998676 
1533 -0.996464 0.0750179 -0.0378424 0.0739862 0.996867 0.027966 0.0398218 0.0250673 -0.998892 
1545 -0.977854 0.0992847 -0.184237 0.0936912 0.994843 0.0388435 0.187143 0.0207219 -0.982114 
1551 -0.899959 0.0696472 -0.430375 0.0602565 0.997554 0.0354307 0.43179 0.00595334 -0.901955 
1555 -0.787809 0.0417795 -0.614501 0.0280525 0.999095 0.0319637 0.615281 0.00794305 -0.788268 
1557 -0.710234 0.0380132 -0.702939 0.0211518 0.999243 0.0326652 0.703648 0.00833152 -0.7105 
1558 -0.666867 0.0393411 -0.744138 0.0213083 0.999204 0.0337303 0.744872 0.00663735 -0.667174 
1563 -0.419421 0.0291326 -0.907324 0.0156081 0.999569 0.0248794 0.907658 -0.00372671 -0.419695 
1570 -0.119224 0.0168878 -0.992724 0.0224248 0.999646 0.0143124 0.992614 -0.0205553 -0.11956 
1575 -0.0410339 0.0184221 -0.998988 0.0349665 0.999244 0.0169906 0.998546 -0.0342339 -0.0416471 
1581 -0.0261434 0.0285093 -0.999252 0.0298535 0.99917 0.0277259 0.999212 -0.0291063 -0.0269728 
1587 -0.0215712 0.0473731 -0.998644 0.0300377 0.998457 0.0467153 0.999316 -0.0289893 -0.0229608 
1598 0.0761669 0.0360626 -0.996443 0.036227 0.998586 0.0389094 0.996437 -0.0390617 0.0747527 
1606 0.037205 0.00686871 -0.999284 0.0312571 0.999479 0.0080338 0.998819 -0.0315336 0.0369709 
1611 -0.0224916 0.0111843 -0.999684 0.0300298 0.999494 0.0105065 0.999296 -0.029784 -0.0228161 
1618 -0.075102 0.0220521 -0.996932 0.0359328 0.999166 0.0193946 0.996528 -0.034366 -0.0758318 
1626 -0.0644857 0.0173002 -0.997769 0.0291416 0.999456 0.0154461 0.997493 -0.0280806 -0.0649548 
1635 -0.176031 -0.00597193 -0.984367 0.0290491 0.999515 -0.0112586 0.983956 -0.0305769 -0.175772 
1640 -0.276914 0.0155397 -0.960769 0.0304435 0.999509 0.00739187 0.960412 -0.0272023 -0.277251 
1646 -0.343118 0.0261978 -0.938927 0.00904873 0.999657 0.0245856 0.939249 -6.035e-05 -0.343237 
1653 -0.351462 0.0313072 -0.935679 0.0266781 0.99937 0.0234173 0.935822 -0.0167319 -0.352076 
1659 -0.418406 0.0332823 -0.90765 0.0370009 0.999123 0.0195799 0.907506 -0.0253915 -0.41927 
1666 -0.457279 0.043171 -0.888275 0.0438556 0.998701 0.0259612 0.888241 -0.0270843 -0.458578 
1673 -0.482845 0.0203106 -0.87547 0.0290051 0.999553 0.00719215 0.875225 -0.0219204 -0.483218 
1680 -0.565267 0.0175367 -0.824721 0.02602 0.999656 0.00342224 0.824497 -0.0195247 -0.565529 
1684 -0.613546 0.020621 -0.78939 0.0250938 0.999663 0.00661004 0.78926 -0.0157532 -0.613857 
1690 -0.64386 0.0389969 -0.764149 0.0361151 0.999136 0.020559 0.76429 -0.0143602 -0.644712 
1706 -0.62261 0.0504334 -0.780906 0.0417921 0.99864 0.0311749 0.781416 -0.0132259 -0.623871 
1710 -0.639038 0.0435413 -0.767942 0.0408575 0.998909 0.0226375 0.768089 -0.01691 -0.64012 
1718 -0.634693 0.0398518 -0.771736 0.0282662 0.999198 0.028351 0.772247 -0.00381986 -0.63531 
1724 -0.600041 0.00934042 -0.799915 0.0165758 0.999862 -0.000758838 0.799797 -0.0137145 -0.600113 
1732 -0.592113 -0.00345527 -0.805848 0.0163627 0.999733 -0.0163094 0.805689 -0.0228428 -0.591898 
1739 -0.602262 -0.00829665 -0.798255 0.00675903 0.999857 -0.0154915 0.79827 -0.0147254 -0.60212 
1744 -0.60576 -0.0231705 -0.79531 -0.00920964 0.999713 -0.0221108 0.795594 -0.00606936 -0.6058 
1749 -0.594607 -0.0121363 -0.803925 0.00102125 0.999874 -0.0158497 0.804016 -0.0102454 -0.59452 
1753 -0.588317 -0.00131586 -0.808629 0.00734385 0.999949 -0.0069702 0.808597 -0.0100391 -0.588277 
1759 -0.597559 -0.0181894 -0.801619 -0.00462355 0.999804 -0.0192398 0.801812 -0.00779058 -0.597526 
1765 -0.601728 -0.00994814 -0.798639 0.00176335 0.999903 -0.0137837 0.798699 -0.00970235 -0.601652 
1770 -0.600891 -0.0152194 -0.799186 -0.00315653 0.999856 -0.0166676 0.799325 -0.00749277 -0.600853 
1776 -0.617616 -0.000858194 -0.786479 0.00397711 0.999983 -0.00421436 0.78647 -0.00573077 -0.617602 
1782 -0.628946 0.013789 -0.777327 0.0261947 0.999651 -0.00346164 0.777008 -0.022539 -0.629087 
1789 -0.466525 0.0457038 -0.883327 0.0409525 0.998709 0.0300449 0.88356 -0.0221577 -0.467794 
1798 -0.114626 0.0163368 -0.993274 0.0308823 0.99944 0.0128743 0.992929 -0.0291989 -0.115066 
1802 -0.0301923 -0.015141 -0.999429 0.0209348 0.999656 -0.0157769 0.999325 -0.0213992 -0.029865 
1810 -0.0380987 -0.0312534 -0.998785 0.0279431 0.999087 -0.0323287 0.998883 -0.0291409 -0.0371906 
1817 -0.0828786 -0.0424544 -0.995655 0.0292199 0.998559 -0.0450105 0.996131 -0.0328233 -0.0815186 
1822 -0.0879656 -0.0381147 -0.995394 0.0269977 0.998809 -0.0406313 0.995758 -0.0304475 -0.0868319 
1826 -0.0838095 -0.0367428 -0.995804 0.0230687 0.998981 -0.0388016 0.996215 -0.0262238 -0.0828765 
1829 -0.080055 -0.0389414 -0.996029 0.0193156 0.998988 -0.0406095 0.996603 -0.0224899 -0.0792219 
1834 -0.0824646 -0.0359924 -0.995944 0.0247496 0.998965 -0.0381508 0.996287 -0.0277953 -0.0814885 
1841 -0.0982954 -0.0360015 -0.994506 0.0348097 0.998609 -0.0395906 0.994548 -0.03851 -0.0969056 
1846 -0.0978769 -0.0229236 -0.994934 0.0286164 0.999256 -0.0258384 0.994787 -0.0310004 -0.0971481 
1855 -0.0801688 -0.0269593 -0.996417 0.0318638 0.999054 -0.0295943 0.996272 -0.0341222 -0.079234 
1862 -0.0883676 -0.0354809 -0.995456 0.0212674 0.99907 -0.0374976 0.995861 -0.0244843 -0.0875309 
1869 -0.0848235 -0.0144937 -0.996291 0.0237882 0.99958 -0.0165669 0.996112 -0.0251053 -0.0844431 
1874 -0.0891728 -0.0337311 -0.995445 0.0238726 0.999067 -0.0359924 0.99573 -0.0269734 -0.0882843 
1880 -0.0983048 -0.0222087 -0.994909 0.0237128 0.999415 -0.0246523 0.994874 -0.0260155 -0.0977207 
1882 -0.101826 -0.0315273 -0.994303 0.0133784 0.999364 -0.0330579 0.994712 -0.0166683 -0.101339 
1888 -0.102509 -0.0259624 -0.994393 0.0241907 0.999299 -0.0285842 0.994438 -0.0269852 -0.10181 
1892 -0.0941325 -0.028112 -0.995163 0.0285622 0.999114 -0.0309253 0.99515 -0.0313351 -0.0932461 
1900 -0.0802578 -0.024627 -0.99647 0.0225306 0.999395 -0.026514 0.996519 -0.024579 -0.0796543 
1905 -0.0731418 -0.0209873 -0.997101 0.0167151 0.999612 -0.0222663 0.997181 -0.0182953 -0.0727627 
1908 -0.0744007 -0.0215928 -0.996995 0.0222746 0.99948 -0.0233089 0.99698 -0.0239419 -0.073881 
1916 -0.121273 -0.0152165 -0.992503 0.0301693 0.999364 -0.0190081 0.992161 -0.0322482 -0.120737 
1921 -0.179968 0.0059489 -0.983655 0.0133194 0.999905 0.00361027 0.983582 -0.012452 -0.18003 
1938 -0.145949 0.0336706 -0.988719 0.0338416 0.999006 0.0290254 0.988713 -0.0292236 -0.146944 
1945 0.0943696 0.0114518 -0.995471 0.0180013 0.999751 0.0132075 0.995374 -0.0191662 0.09414 
1952 0.455871 0.0117377 -0.889969 0.0220575 0.999457 0.0244803 0.889773 -0.0307904 0.455364 
1956 0.666128 -0.0172846 -0.745637 0.0347768 0.999364 0.00790228 0.745026 -0.0311948 0.666306 
1961 0.861647 -0.0373994 -0.506128 0.0399045 0.999186 -0.00589829 0.505937 -0.0151145 0.862438 
1970 0.972702 -0.0598246 -0.224215 0.0606277 0.998155 -0.00330732 0.224 -0.0103766 0.974534 
1978 0.994479 -0.0638597 -0.0832688 0.0636227 0.997959 -0.00549945 0.08345 0.000171305 0.996512 
1985 0.99534 -0.0706292 -0.0656428 0.0712233 0.997438 0.00675107 0.0649978 -0.0113949 0.99782 
1990 0.994843 -0.0630599 -0.0794423 0.0628309 0.99801 -0.00538105 0.0796236 0.000361863 0.996825 
1996 0.994577 -0.0491299 -0.0916717 0.0489867 0.998792 -0.00381322 0.0917483 -0.000698155 0.995782 
2005 0.993944 -0.0623426 -0.0904902 0.0621366 0.998055 -0.00509446 0.0906318 -0.000559152 0.995884 
2008 0.99365 -0.0715838 -0.0868076 0.0704402 0.997385 -0.0161702 0.0877381 0.0099528 0.996094 
2015 0.993698 -0.0685256 -0.0887054 0.0680786 0.997647 -0.00805811 0.0890489 0.00196839 0.996025 
2022 0.991949 -0.0734942 -0.103131 0.0724528 0.997276 -0.0138129 0.103865 0.0062295 0.994572 
2030 0.993705 -0.0740094 -0.0841027 0.0747868 0.997181 0.00612605 0.0834122 -0.0123773 0.996438 
2038 0.9931 -0.0795879 -0.086132 0.0794124 0.996827 -0.00546759 0.0862939 -0.00141009 0.996269 
2046 0.992934 -0.0689481 -0.0965842 0.0702335 0.997481 0.00996901 0.0956536 -0.016682 0.995275 
2052 0.991352 -0.0624894 -0.115396 0.0622384 0.998045 -0.00578053 0.115531 -0.00145149 0.993303 
2058 0.987381 -0.0521702 -0.149525 0.051928 0.998636 -0.00552635 0.149609 -0.00230793 0.988742 
2062 0.984623 -0.0472456 -0.168182 0.0470172 0.99888 -0.00534264 0.168246 -0.00264697 0.985741 
2066 0.982706 -0.05405 -0.177107 0.0544883 0.998512 -0.00239109 0.176973 -0.00730053 0.984189 
2070 0.985159 -0.0350971 -0.168017 0.0348747 0.999383 -0.00427515 0.168064 -0.00164785 0.985775 
2075 0.987923 -0.0273025 -0.152524 0.0287298 0.999562 0.00716133 0.152261 -0.0114568 0.988274 
2085 0.985739 -0.00249929 -0.168264 0.00147826 0.99998 -0.00619308 0.168276 0.00585602 0.985723 
2097 0.962687 -0.0202381 -0.269861 0.0195348 0.999795 -0.00529165 0.269913 -0.000177485 0.962885 
2113 0.999924 0.00164432 0.012242 -0.00179962 0.999918 0.0126858 -0.0122202 -0.0127068 0.999845 
2117 0.975199 -0.00331452 0.221305 0.00321238 0.999995 0.000821471 -0.221306 -9.01842e-05 0.975204 
2124 0.798192 -0.0169177 0.602166 0.0304571 0.99946 -0.0122924 -0.601633 0.0281519 0.798277 
2126 0.720606 -0.0155015 0.693171 0.0379005 0.999136 -0.0170567 -0.692308 0.0385627 0.720571 
2131 0.529703 -0.0229593 0.847872 0.031224 0.999484 0.00755774 -0.847608 0.0224706 0.530147 
2137 0.457521 -0.0483756 0.887882 0.058935 0.997973 0.0240049 -0.887244 0.0413445 0.459444 
2146 0.47992 -0.0703809 0.874484 0.0594086 0.997096 0.0476453 -0.875298 0.0290859 0.482708 
2153 0.490465 -0.0670098 0.868881 0.0641993 0.997108 0.0406598 -0.869093 0.0358394 0.493348 
2159 0.512185 -0.0690001 0.856099 0.0589194 0.997242 0.0451258 -0.856852 0.0273281 0.514838 
2167 0.57935 -0.0517886 0.813432 0.0547958 0.998196 0.0245248 -0.813235 0.0303642 0.581143 
2172 0.592115 -0.025319 0.805456 0.0398855 0.999202 0.00208827 -0.804866 0.0308895 0.592652 
2180 0.545928 -0.00440457 0.83782 0.0232969 0.999679 -0.00992486 -0.837508 0.0249368 0.545856 
2188 0.493975 0.0257198 0.869095 0.0156284 0.999138 -0.0384511 -0.869336 0.0325764 0.493148 
2194 0.478134 0.0179151 0.878104 0.0279091 0.998977 -0.0355778 -0.877843 0.041518 0.477145 
2201 0.488868 0.00721678 0.872328 0.0186726 0.99965 -0.0187345 -0.872158 0.0254473 0.488562 
2208 0.489968 0.00660551 0.871716 0.023213 0.999518 -0.0206213 -0.871431 0.0303389 0.489578 
2213 0.484217 0.00813743 0.87491 0.0332174 0.999065 -0.0276762 -0.874317 0.0424635 0.483494 
2219 0.474295 0.0121586 0.880282 0.0314721 0.999031 -0.0307559 -0.879803 0.0422916 0.473453 
2228 0.464265 0.00281712 0.885692 0.0372277 0.999049 -0.0226918 -0.884914 0.0435072 0.463719 
2258 0.652547 -0.0167879 0.757562 0.0115575 0.999859 0.0122019 -0.75766 0.000793228 0.652649 
2270 0.602751 -0.0188715 0.797706 0.0419786 0.999086 -0.00808363 -0.796824 0.038359 0.602992 
2287 0.499723 0.0269257 0.865767 0.0215508 0.998821 -0.0435029 -0.865917 0.0403973 0.498553 
2295 0.499364 0.0216077 0.866123 0.0270654 0.998812 -0.0405225 -0.86597 0.0436774 0.498186 
2308 0.497595 0.0224351 0.867119 0.0113288 0.999412 -0.0323589 -0.867335 0.025925 0.497049 
2314 0.492627 0.026013 0.869852 0.0170621 0.999072 -0.0395402 -0.870073 0.0343201 0.491726 
2330 0.252796 0.0146057 0.967409 0.0313179 0.999239 -0.02327 -0.967012 0.0361798 0.252147 
2335 0.0792343 0.00121165 0.996855 0.0389088 0.999233 -0.00430718 -0.996096 0.0391277 0.0791265 
2346 -0.0654904 -0.0104673 0.997798 0.0589835 0.998156 0.0143424 -0.996108 0.0597929 -0.0647522 
2354 -0.0549536 -0.00223569 0.998486 0.0450993 0.998971 0.00471891 -0.99747 0.0452903 -0.0547963 
2361 -0.026266 0.014484 0.99955 0.0527271 0.998523 -0.0130835 -0.998263 0.0523597 -0.026991 
2369 -0.0232355 0.0235819 0.999452 0.0573134 0.998109 -0.0222178 -0.998086 0.0567657 -0.0245431 
2375 -0.0391163 0.0295554 0.998797 0.0402741 0.998797 -0.0279781 -0.998423 0.0391312 -0.0402596 
2382 -0.0445293 0.0278036 0.998621 0.0450957 0.99865 -0.0257936 -0.99799 0.043885 -0.045723 
2387 -0.0409244 0.0307335 0.998689 0.0417966 0.998705 -0.0290212 -0.998288 0.0405542 -0.0421559 
2391 -0.0371257 0.0427606 0.998395 0.0456972 0.998112 -0.0410492 -0.998265 0.0440999 -0.0390097 
2396 -0.0356694 0.0485666 0.998183 0.0395098 0.998106 -0.047151 -0.998582 0.0377561 -0.0375207 
2400 -0.0433633 0.0543558 0.99758 0.0490822 0.997429 -0.0522141 -0.997853 0.0466993 -0.0459197 
2403 -0.0525143 0.0478569 0.997473 0.0546805 0.99749 -0.044979 -0.997122 0.0521803 -0.0549993 
2408 -0.061722 0.0407887 0.99726 0.0474835 0.998153 -0.0378864 -0.996963 0.0450149 -0.0635448 
2412 -0.0574865 0.0327982 0.997807 0.0514359 0.99823 -0.0298487 -0.99702 0.0496073 -0.0590718 
2419 0.0250388 0.0318089 0.99918 0.0466081 0.99837 -0.0329511 -0.998599 0.0473949 0.0235154 
2425 0.207415 0.0168061 0.978109 0.0466493 0.998545 -0.0270496 -0.97714 0.0512386 0.206329 
2431 0.481525 -0.0246759 0.876085 0.0383899 0.999238 0.00704432 -0.875591 0.0302408 0.482105 
2434 0.632775 -0.0291014 0.773789 0.0454575 0.998966 0.000396656 -0.773 0.0349236 0.633443 
2436 0.720432 -0.0265884 0.693015 0.0386465 0.999251 -0.00183785 -0.692448 0.0281066 0.720921 
2437 0.758982 -0.0316285 0.650343 0.0366665 0.999311 0.00580839 -0.650079 0.0194374 0.759618 
2441 0.884361 -0.0228798 0.466242 0.0156007 0.999689 0.0194665 -0.466542 -0.00994172 0.884443 
2448 0.988176 -0.0084268 0.153091 0.00422883 0.999607 0.0277265 -0.153264 -0.0267512 0.987823 
2449 0.992493 -0.00275013 0.122272 -0.001602 0.999369 0.0354812 -0.122292 -0.0354107 0.991862 
2451 0.997379 -0.000280573 0.0723474 -0.00214925 0.999436 0.0335054 -0.072316 -0.0335731 0.996817 
2454 0.999666 0.00326057 0.0256339 -0.00350865 0.999947 0.00963871 -0.0256011 -0.00972543 0.999625 
2462 0.999459 0.0316492 0.00892448 -0.0318214 0.999296 0.0198601 -0.00828964 -0.0201334 0.999763 
2468 0.997568 0.0666664 0.0203571 -0.0671382 0.997468 0.023446 -0.0187425 -0.0247557 0.999518 
2473 0.99884 0.0406711 0.0257789 -0.0409917 0.999087 0.0120295 -0.0252661 -0.0130722 0.999595 
2476 0.999004 0.0362231 0.0260594 -0.0369287 0.99895 0.027125 -0.0250495 -0.0280603 0.999292 
2481 0.999618 0.0205509 0.0184825 -0.0206787 0.999763 0.00674666 -0.0183395 -0.00712628 0.999806 
2486 0.999476 0.024142 0.0215546 -0.0242961 0.999681 0.00691474 -0.0213808 -0.00743481 0.999744 
2494 0.999371 0.0215971 0.0281395 -0.0218361 0.999728 0.00821639 -0.0279544 -0.00882567 0.99957 
2498 0.999234 0.0251368 0.0299872 -0.0256246 0.999544 0.0159975 -0.0295713 -0.0167537 0.999422 
2503 0.999023 0.0256103 0.036007 -0.026181 0.999538 0.0154676 -0.0355942 -0.0163952 0.999232 
2506 0.999115 0.0223963 0.0355922 -0.0228622 0.999657 0.0127371 -0.0352947 -0.0135395 0.999285 
2510 0.999405 0.0134408 0.0317738 -0.0138935 0.999804 0.0140707 -0.0315784 -0.0145038 0.999396 
2514 0.999487 0.00764101 0.0311124 -0.00827895 0.999757 0.0204275 -0.0309488 -0.0206746 0.999307 
2519 0.999496 0.00625123 0.031116 -0.0066045 0.999915 0.0112634 -0.0310429 -0.0114632 0.999452 
2524 0.999054 0.00905972 0.0425404 -0.00937506 0.99993 0.00721922 -0.042472 -0.0076112 0.999069 
2527 0.998661 0.00623737 0.0513585 -0.00649155 0.999967 0.00478392 -0.051327 -0.00511091 0.998669 
2530 0.997968 0.0162478 0.0616078 -0.0174212 0.999676 0.0185581 -0.0612863 -0.0195937 0.997928 
2533 0.996944 0.0166479 0.0763291 -0.018628 0.999506 0.0253035 -0.0758702 -0.0266481 0.996762 
2536 0.995825 0.00876996 0.0908629 -0.0101144 0.999846 0.0143462 -0.0907231 -0.0152053 0.99576 
2541 0.994319 -0.0264349 0.103102 0.0250667 0.99958 0.0145436 -0.103443 -0.0118765 0.994564 
2545 0.994991 -0.0375425 0.0926476 0.035765 0.999144 0.0207729 -0.0933482 -0.0173553 0.995482 
2547 0.996012 -0.0359851 0.0816366 0.0350034 0.999297 0.0134252 -0.0820623 -0.0105141 0.996572 
2550 0.996751 -0.0504869 0.0627577 0.0498177 0.998684 0.012183 -0.0632902 -0.00901694 0.997954 
2554 0.99816 -0.0434867 0.0422596 0.0428079 0.998941 0.0168368 -0.0429471 -0.0149968 0.998965 
2559 0.998865 -0.0402879 0.0253979 0.0397823 0.999006 0.0201073 -0.0261827 -0.0190741 0.999475 
2566 0.9989 -0.0430442 0.0186142 0.0425993 0.998812 0.0236723 -0.019611 -0.0228533 0.999546 
2571 0.999378 -0.0304334 0.0178043 0.0302235 0.999472 0.0119408 -0.0181583 -0.0113952 0.99977 
2575 0.999705 -0.0193384 0.0147235 0.0190888 0.999675 0.016911 -0.0150457 -0.0166249 0.999749 
2579 0.999655 -0.0261812 0.00226381 0.0261425 0.999535 0.0156877 -0.00267348 -0.0156231 0.999874 
2586 0.999183 -0.0211055 -0.0344764 0.0212408 0.999768 0.00356215 0.0343933 -0.00429155 0.999399 
2594 0.999444 -0.00946165 -0.0319853 0.0103504 0.999562 0.0277362 0.0317088 -0.0280518 0.999103 
2605 0.995201 -0.0179408 0.0961936 0.0158801 0.999629 0.022145 -0.0965552 -0.0205111 0.995116 
2611 0.993074 -0.0458421 0.10818 0.0439667 0.99884 0.019659 -0.108956 -0.0147665 0.993937 
2620 0.998856 -0.044097 0.018518 0.043474 0.998516 0.032796 -0.0199367 -0.0319534 0.999291 
2626 0.999461 -0.028153 -0.0168868 0.0285548 0.999303 0.0240434 0.0161982 -0.0245127 0.999568 
2630 0.999682 -0.0218187 -0.0126372 0.0220738 0.999548 0.0204172 0.012186 -0.0206896 0.999712 
